./run-tests.py -vw -H --duration 5 --max-trials 3 --step 10 --spin-min 0 --num-points 10 -S square
  P   C     lq.T    llq.T    blq.T    ffq.T   iffq.T  biffq.T     lq.P    llq.P    blq.P    ffq.P   iffq.P  biffq.P     lq.C    llq.C    blq.C    ffq.C   iffq.C  biffq.C 
  0   0    28.90    27.69   144.44    55.37    73.25    95.36     0.54     0.37     0.18     0.33     0.17     0.21     0.59     0.51     0.23     0.31     0.28     0.27 
  0  10    11.14    27.89    32.09    19.67    33.78    34.40     1.01     0.33     0.21     0.34     0.22     0.24     1.08     0.35     0.23     0.36     0.29     0.26 
  0  20    10.15    22.73    24.48    13.40    26.42    27.52     1.10     0.38     0.22     0.44     0.23     0.26     1.17     0.42     0.26     0.52     0.29     0.27 
  0  30     8.81    18.69    19.73     9.67    20.39    20.48     1.26     0.47     0.22     0.57     0.21     0.26     1.31     0.46     0.24     0.68     0.27     0.27 
  0  40     6.18    13.76    16.95    10.23    17.26    17.53     1.64     0.54     0.22     0.55     0.22     0.27     1.77     0.58     0.24     0.62     0.28     0.28 
  0  50     9.54    13.92    14.89     9.54    14.66    14.98     1.18     0.52     0.21     0.60     0.23     0.26     1.16     0.52     0.23     0.67     0.30     0.27 
  0  60     7.77    12.36    12.84     9.64    13.02    13.16     1.42     0.54     0.25     0.61     0.22     0.26     1.48     0.58     0.23     0.64     0.26     0.30 
  0  70     6.75    11.10    11.64     8.57    11.69    11.70     1.56     0.59     0.22     0.66     0.22     0.26     1.65     0.63     0.23     0.73     0.29     0.28 
  0  80     7.11    10.01    10.38     8.34    10.41    10.36     1.51     0.66     0.23     0.70     0.22     0.25     1.59     0.66     0.25     0.68     0.28     0.26 
  0  90     6.82     9.38     9.60     8.46     9.54     9.57     1.58     0.66     0.22     0.74     0.22     0.26     1.65     0.71     0.26     0.63     0.27     0.27 
 10   0    12.33    37.26    40.88    15.91    40.78    38.79     0.95     0.22     0.19     0.49     0.18     0.22     0.95     0.22     0.21     0.34     0.23     0.23 
 10  10    10.35    28.08    30.50    20.70    33.31    34.32     1.07     0.30     0.23     0.29     0.20     0.22     1.12     0.32     0.23     0.31     0.27     0.24 
 10  20    10.18    22.61    24.89    14.32    26.93    27.69     1.09     0.39     0.22     0.40     0.21     0.24     1.14     0.38     0.25     0.48     0.26     0.26 
 10  30     9.08    15.85    19.47    11.45    20.49    20.52     1.23     0.56     0.24     0.49     0.21     0.26     1.24     0.50     0.25     0.56     0.28     0.30 
 10  40    10.28    14.49    17.04    10.56    17.52    17.57     1.09     0.55     0.25     0.53     0.20     0.26     1.10     0.55     0.26     0.58     0.27     0.26 
 10  50     8.66    11.14    14.59    10.42    14.81    14.97     1.30     0.60     0.24     0.55     0.22     0.26     1.35     0.63     0.25     0.56     0.29     0.28 
 10  60     7.13    12.23    12.79     9.70    12.94    13.04     1.52     0.59     0.25     0.59     0.23     0.26     1.60     0.58     0.24     0.60     0.30     0.28 
 10  70     6.72    11.21    11.60     8.62    11.56    11.77     1.57     0.63     0.23     0.64     0.23     0.26     1.66     0.62     0.25     0.72     0.30     0.27 
 10  80     6.65    10.06    10.37     8.33    10.42    10.41     1.62     0.67     0.25     0.72     0.22     0.26     1.71     0.67     0.25     0.71     0.29     0.29 
 10  90     6.96     9.06     9.62     8.09     9.55     9.60     1.58     0.77     0.25     0.74     0.22     0.25     1.62     0.70     0.23     0.70     0.27     0.25 
 20   0    13.30    25.49    31.49    13.37    30.05    29.42     0.85     0.32     0.20     0.53     0.20     0.22     0.87     0.34     0.23     0.40     0.27     0.24 
 20  10     7.87    29.72    31.70    16.55    30.96    29.46     1.51     0.21     0.19     0.42     0.18     0.21     1.55     0.21     0.24     0.33     0.22     0.23 
 20  20     8.39    23.28    24.74    16.10    27.13    27.49     1.29     0.30     0.25     0.34     0.19     0.22     1.36     0.32     0.26     0.36     0.25     0.22 
 20  30     7.53    18.13    19.90    11.10    20.62    21.08     1.44     0.41     0.23     0.47     0.23     0.26     1.49     0.43     0.24     0.57     0.27     0.28 
 20  40     8.03    15.53    16.92    10.94    17.29    17.62     1.41     0.47     0.22     0.49     0.22     0.26     1.45     0.48     0.24     0.55     0.27     0.26 
 20  50     7.62    14.02    14.66    10.68    15.00    14.96     1.43     0.54     0.23     0.51     0.23     0.26     1.44     0.53     0.25     0.54     0.29     0.26 
 20  60     6.14    11.59    12.82     9.91    13.10    13.14     1.64     0.58     0.23     0.56     0.22     0.25     1.78     0.61     0.23     0.58     0.27     0.28 
 20  70     8.53    11.23    11.66     8.76    11.70    11.79     1.31     0.59     0.23     0.61     0.22     0.26     1.27     0.63     0.25     0.65     0.28     0.26 
 20  80     5.91    10.21    10.35     8.72    10.38    10.39     1.78     0.60     0.26     0.66     0.21     0.27     1.91     0.64     0.25     0.62     0.28     0.29 
 20  90     8.14     9.37     9.59     8.41     9.54     9.58     1.36     0.66     0.24     0.71     0.20     0.26     1.27     0.69     0.24     0.64     0.26     0.27 
 30   0    10.39    18.74    23.68    12.12    23.13    21.94     1.16     0.46     0.19     0.55     0.25     0.22     1.16     0.46     0.24     0.47     0.31     0.22 
 30  10     9.79    18.55    23.11     9.69    23.04    22.27     1.17     0.42     0.20     0.68     0.23     0.22     1.18     0.38     0.23     0.48     0.30     0.24 
 30  20     7.85    21.64    23.18    10.97    23.35    22.39     1.46     0.25     0.19     0.57     0.19     0.21     1.49     0.27     0.25     0.41     0.23     0.23 
 30  30     6.69    18.72    19.85    14.69    20.79    20.90     1.63     0.32     0.24     0.37     0.19     0.22     1.68     0.33     0.26     0.35     0.26     0.24 
 30  40     6.71    15.84    17.17    13.66    17.48    17.84     1.58     0.42     0.23     0.34     0.21     0.25     1.68     0.43     0.24     0.36     0.27     0.25 
 30  50     7.73    13.68    14.76     9.24    14.84    14.91     1.53     0.55     0.24     0.58     0.22     0.26     1.49     0.52     0.26     0.67     0.26     0.27 
 30  60     6.50    12.07    12.93     9.94    12.96    13.11     1.64     0.58     0.25     0.52     0.22     0.26     1.68     0.58     0.24     0.56     0.28     0.28 
 30  70     7.09    11.25    11.76     9.81    11.69    11.75     1.60     0.63     0.23     0.54     0.23     0.27     1.60     0.59     0.23     0.51     0.28     0.26 
 30  80     6.42    10.12    10.45     8.04    10.35    10.43     1.71     0.69     0.23     0.66     0.22     0.26     1.74     0.65     0.25     0.74     0.30     0.27 
 30  90     5.72     9.39     9.63     7.85     9.56     9.58     1.94     0.75     0.25     0.70     0.22     0.26     1.97     0.67     0.25     0.75     0.29     0.28 
 40   0    10.28    15.06    19.06     8.77    17.82    18.14     1.14     0.56     0.20     0.75     0.31     0.23     1.18     0.57     0.25     0.52     0.41     0.22 
 40  10    10.37    15.81    19.11    11.31    18.54    17.89     1.05     0.50     0.19     0.55     0.28     0.23     1.07     0.49     0.24     0.49     0.39     0.26 
 40  20     7.70    14.78    19.19    10.51    18.35    18.01     1.49     0.53     0.19     0.61     0.26     0.23     1.51     0.50     0.22     0.46     0.34     0.24 
 40  30     7.08    17.27    18.87     9.95    18.86    18.17     1.51     0.28     0.21     0.61     0.18     0.22     1.62     0.29     0.25     0.51     0.23     0.21 
 40  40     7.04    16.67    17.14    12.83    17.58    17.80     1.62     0.28     0.22     0.37     0.18     0.21     1.62     0.28     0.23     0.37     0.26     0.23 
 40  50     6.90    13.85    14.66    11.36    14.88    15.03     1.66     0.46     0.23     0.43     0.22     0.26     1.67     0.46     0.25     0.45     0.28     0.27 
 40  60     7.06    12.40    12.80     9.48    12.94    13.19     1.66     0.54     0.24     0.52     0.23     0.26     1.59     0.54     0.27     0.62     0.29     0.27 
 40  70     6.70    11.18    11.69     8.26    11.55    11.73     1.69     0.60     0.22     0.57     0.23     0.26     1.68     0.56     0.24     0.69     0.30     0.27 
 40  80     6.20    10.12    10.45     9.23    10.35    10.43     1.75     0.66     0.23     0.60     0.22     0.27     1.83     0.64     0.25     0.54     0.28     0.26 
 40  90     6.50     9.46     9.65     8.16     9.53     9.62     1.78     0.67     0.23     0.67     0.22     0.27     1.74     0.66     0.25     0.70     0.27     0.27 
 50   0     7.66    13.20    16.18     8.55    15.77    15.55     1.59     0.67     0.19     0.77     0.34     0.21     1.58     0.68     0.23     0.50     0.47     0.22 
 50  10     7.55    13.13    16.14     9.45    15.49    15.53     1.63     0.64     0.19     0.68     0.34     0.22     1.60     0.63     0.24     0.55     0.47     0.23 
 50  20     6.78    13.67    16.04     8.74    15.88    15.44     1.77     0.58     0.21     0.73     0.31     0.21     1.74     0.54     0.23     0.52     0.41     0.24 
 50  30     6.95    13.79    16.02     9.77    15.72    15.37     1.66     0.47     0.20     0.62     0.25     0.22     1.66     0.49     0.26     0.48     0.31     0.22 
 50  40     6.20    14.30    15.88     8.92    15.90    15.57     1.79     0.32     0.21     0.66     0.20     0.22     1.86     0.34     0.26     0.53     0.26     0.26 
 50  50     6.47    13.99    14.76    11.34    14.93    15.02     1.74     0.33     0.22     0.40     0.19     0.21     1.74     0.35     0.23     0.37     0.25     0.24 
 50  60     6.38    12.53    12.91    10.53    12.90    13.10     1.76     0.47     0.26     0.43     0.23     0.27     1.79     0.50     0.27     0.48     0.29     0.27 
 50  70     6.03    11.24    11.69     8.89    11.70    11.79     1.84     0.62     0.23     0.54     0.23     0.27     1.95     0.54     0.25     0.59     0.29     0.27 
 50  80     5.85    10.13    10.40     9.27    10.35    10.45     1.91     0.68     0.24     0.57     0.24     0.26     1.88     0.64     0.27     0.51     0.30     0.26 
 50  90     6.14     9.10     9.64     8.46     9.56     9.57     1.90     0.68     0.24     0.62     0.23     0.27     1.84     0.70     0.24     0.60     0.29     0.28 
 60   0     8.86    11.98    13.84     8.13    13.58    13.55     1.33     0.71     0.21     0.79     0.39     0.21     1.36     0.68     0.24     0.52     0.50     0.22 
 60  10     7.84    12.35    13.71     8.80    13.54    13.55     1.53     0.70     0.20     0.72     0.38     0.21     1.56     0.69     0.24     0.57     0.49     0.22 
 60  20     7.07    11.47    13.82     8.37    13.49    13.45     1.69     0.70     0.19     0.77     0.38     0.22     1.65     0.72     0.23     0.56     0.48     0.25 
 60  30     6.22    10.84    13.72     9.61    13.82    13.44     1.80     0.68     0.20     0.62     0.33     0.22     1.85     0.66     0.25     0.49     0.40     0.24 
 60  40     6.22    11.35    13.87     9.78    13.57    13.35     1.94     0.58     0.20     0.57     0.32     0.22     1.88     0.56     0.25     0.51     0.41     0.26 
 60  50     6.48    12.87    13.60     9.29    13.53    13.52     1.82     0.34     0.22     0.60     0.23     0.21     1.80     0.35     0.25     0.52     0.28     0.23 
 60  60     6.29    11.64    12.78    10.61    13.07    13.11     1.66     0.43     0.22     0.38     0.19     0.22     1.76     0.42     0.25     0.41     0.27     0.24 
 60  70     6.11    11.15    11.68     8.41    11.71    11.76     1.83     0.51     0.22     0.56     0.22     0.25     1.89     0.51     0.25     0.61     0.29     0.27 
 60  80     6.01    10.05    10.35     8.46    10.38    10.40     1.93     0.63     0.24     0.59     0.22     0.27     1.95     0.63     0.24     0.62     0.27     0.28 
 60  90     6.02     9.39     9.62     8.16     9.56     9.59     1.91     0.62     0.24     0.63     0.23     0.26     1.96     0.68     0.25     0.68     0.29     0.27 
 70   0     5.88    10.82    12.22     8.42    11.87    11.96     2.04     0.88     0.19     0.71     0.45     0.21     1.96     0.86     0.24     0.60     0.57     0.24 
 70  10     5.57    10.19    12.19     8.44    11.92    11.92     2.02     0.83     0.20     0.73     0.42     0.21     2.00     0.81     0.25     0.61     0.54     0.23 
 70  20     6.60    10.06    12.21     7.94    11.79    11.75     1.82     0.80     0.19     0.81     0.42     0.23     1.78     0.79     0.23     0.64     0.52     0.25 
 70  30     6.58    10.55    12.19     8.02    12.01    11.82     1.79     0.78     0.20     0.78     0.39     0.23     1.80     0.71     0.23     0.55     0.49     0.23 
 70  40     6.52    10.60    12.21     9.09    11.84    11.82     1.80     0.66     0.21     0.61     0.40     0.22     1.79     0.65     0.28     0.52     0.50     0.23 
 70  50     6.14     9.90    12.22     9.21    12.03    11.84     1.82     0.70     0.22     0.58     0.34     0.23     1.80     0.65     0.23     0.51     0.41     0.23 
 70  60     6.37    11.09    12.17     8.79    12.04    11.87     1.75     0.44     0.22     0.60     0.23     0.21     1.79     0.43     0.27     0.47     0.28     0.24 
 70  70     6.15    10.95    11.57    10.32    11.59    11.71     1.87     0.33     0.23     0.36     0.21     0.21     1.95     0.33     0.26     0.31     0.29     0.24 
 70  80     5.45     9.83    10.42     9.02    10.41    10.40     2.09     0.55     0.23     0.50     0.23     0.27     2.21     0.58     0.24     0.51     0.27     0.29 
 70  90     6.00     9.28     9.56     8.10     9.54     9.59     2.00     0.63     0.24     0.63     0.24     0.27     1.98     0.64     0.25     0.66     0.30     0.27 
 80   0     6.41     9.73    10.69     7.84    10.60    10.45     1.91     0.90     0.19     0.78     0.48     0.22     1.90     0.90     0.25     0.62     0.62     0.25 
 80  10     7.77     9.40    10.72     7.81    10.55    10.41     1.52     0.94     0.19     0.80     0.48     0.21     1.59     0.94     0.24     0.62     0.61     0.24 
 80  20     6.52     9.70    10.67     8.25    10.58    10.48     1.85     0.89     0.21     0.72     0.48     0.21     1.88     0.84     0.24     0.66     0.60     0.25 
 80  30     6.57     9.56    10.69     8.23    10.50    10.38     1.78     0.81     0.20     0.72     0.46     0.21     1.81     0.80     0.24     0.63     0.56     0.22 
 80  40     6.46     9.75    10.70     8.24    10.52    10.37     1.84     0.81     0.21     0.69     0.44     0.23     1.83     0.76     0.26     0.62     0.54     0.25 
 80  50     6.89     9.69    10.68     8.33    10.59    10.43     1.66     0.73     0.22     0.68     0.42     0.22     1.68     0.69     0.25     0.59     0.50     0.25 
 80  60     5.78    10.06    10.71     8.25    10.48    10.38     2.12     0.66     0.21     0.65     0.39     0.23     2.09     0.61     0.24     0.53     0.47     0.24 
 80  70     6.08     9.92    10.67     8.82    10.59    10.35     1.93     0.51     0.20     0.55     0.29     0.22     1.94     0.48     0.25     0.51     0.36     0.24 
 80  80     6.32     9.94    10.34     8.43    10.39    10.39     1.73     0.38     0.24     0.57     0.19     0.21     1.83     0.39     0.25     0.45     0.27     0.23 
 80  90     5.52     9.33     9.63     8.62     9.46     9.57     2.04     0.55     0.24     0.50     0.23     0.27     2.11     0.56     0.26     0.53     0.29     0.26 
 90   0     5.50     8.54     9.78     7.99     9.56     9.55     2.18     1.06     0.21     0.73     0.55     0.22     2.14     1.04     0.25     0.69     0.73     0.23 
 90  10     6.06     9.06     9.81     7.61     9.56     9.51     2.03     0.95     0.19     0.80     0.53     0.22     2.04     0.98     0.22     0.69     0.68     0.24 
 90  20     6.20     8.71     9.84     7.94     9.61     9.47     1.97     0.96     0.20     0.73     0.53     0.22     1.95     0.98     0.26     0.73     0.67     0.24 
 90  30     6.20     8.64     9.77     7.95     9.63     9.47     1.79     0.96     0.21     0.71     0.49     0.23     1.87     0.94     0.24     0.67     0.63     0.25 
 90  40     6.15     8.91     9.80     7.99     9.61     9.44     1.93     0.88     0.20     0.70     0.51     0.23     1.99     0.86     0.26     0.62     0.59     0.24 
 90  50     7.02     8.81     9.78     7.57     9.58     9.44     1.59     0.84     0.21     0.79     0.49     0.23     1.65     0.83     0.23     0.69     0.60     0.25 
 90  60     6.09     8.33     9.75     7.99     9.60     9.45     1.90     0.90     0.22     0.69     0.47     0.22     1.96     0.81     0.25     0.59     0.58     0.23 
 90  70     5.86     9.16     9.79     7.98     9.61     9.45     2.00     0.69     0.22     0.67     0.45     0.21     2.02     0.63     0.27     0.59     0.54     0.23 
 90  80     5.80     8.77     9.79     7.73     9.60     9.41     2.00     0.65     0.20     0.71     0.34     0.22     2.00     0.60     0.24     0.58     0.40     0.27 
 90  90     6.61     9.08     9.63     8.47     9.57     9.46     1.73     0.40     0.24     0.51     0.18     0.21     1.81     0.42     0.27     0.46     0.25     0.22 
