./run-tests.py -vw --duration 7 --max-trials 3 --step 10 --spin-min 0 --num-points 10 -S square -M
  P   C     lq.T    llq.T    blq.T    ffq.T   iffq.T  biffq.T     lq.P    llq.P    blq.P    ffq.P   iffq.P  biffq.P     lq.C    llq.C    blq.C    ffq.C   iffq.C  biffq.C 
  0   0     4.14     4.13    10.42     4.65     5.02     8.97     3.67     2.72     1.17     2.16     1.95     1.16     4.10     3.29     1.18     2.18     2.18     1.19 
  0  10     4.36     8.05     8.16     5.64     8.14     8.05     3.35     1.60     1.17     2.08     1.18     1.17     3.58     1.59     1.18     1.93     1.19     1.18 
  0  20     4.36     7.93     8.07     6.18     8.04     7.98     3.35     1.62     1.17     1.97     1.18     1.17     3.52     1.61     1.17     1.78     1.33     1.18 
  0  30     4.33     7.96     8.13     5.63     8.07     8.09     3.36     1.61     1.17     2.07     1.18     1.17     3.56     1.60     1.17     1.91     1.41     1.18 
  0  40     4.17     8.13     8.16     5.65     8.09     8.05     3.51     1.60     1.17     2.07     1.18     1.17     3.71     1.60     1.18     1.93     1.19     1.18 
  0  50     4.39     7.96     8.07     5.38     8.01     8.08     3.29     1.61     1.17     2.12     1.18     1.16     3.52     1.60     1.17     1.95     1.18     1.17 
  0  60     4.29     7.96     8.16     5.62     8.11     8.06     3.44     1.62     1.17     2.07     1.17     1.18     3.57     1.62     1.17     1.92     1.38     1.18 
  0  70     4.54     7.98     8.21     5.64     8.08     8.04     3.13     1.61     1.17     2.07     1.18     1.18     3.33     1.61     1.17     1.94     1.18     1.19 
  0  80     4.57     7.99     8.04     5.64     8.03     8.05     3.20     1.63     1.17     2.06     1.18     1.17     3.38     1.63     1.17     1.90     1.18     1.18 
  0  90     4.15     8.02     8.07     5.64     8.07     8.08     3.50     1.60     1.17     2.07     1.17     1.17     3.70     1.60     1.17     1.91     1.18     1.19 
 10   0     4.16     8.00     8.16     5.93     8.09     8.12     3.53     1.63     1.17     2.02     1.18     1.18     3.72     1.62     1.18     2.09     1.43     1.19 
 10  10     4.22     8.08     8.20     5.36     8.02     8.04     3.45     1.62     1.17     2.09     1.17     1.17     3.69     1.62     1.18     1.93     1.17     1.17 
 10  20     4.11     7.95     8.11     5.66     8.06     8.03     3.56     1.61     1.17     2.06     1.17     1.18     3.73     1.61     1.17     1.89     1.18     1.19 
 10  30     4.49     8.09     8.08     5.36     8.08     8.08     3.20     1.60     1.17     2.13     1.18     1.18     3.39     1.59     1.17     1.99     1.18     1.19 
 10  40     4.16     8.19     8.14     5.91     8.05     8.00     3.48     1.61     1.18     2.02     1.16     1.17     3.70     1.60     1.18     1.88     1.17     1.18 
 10  50     4.15     8.06     8.08     5.32     8.01     8.05     3.52     1.60     1.17     2.12     1.18     1.17     3.69     1.59     1.17     1.96     1.19     1.18 
 10  60     4.29     8.16     8.13     5.91     8.09     8.02     3.38     1.61     1.17     2.04     1.18     1.17     3.60     1.60     1.17     1.86     1.18     1.18 
 10  70     4.70     8.08     8.17     5.32     8.10     8.05     3.03     1.62     1.18     2.14     1.18     1.17     3.20     1.62     1.18     1.99     1.18     1.18 
 10  80     3.95     8.01     8.11     5.64     8.04     8.02     3.63     1.61     1.17     2.06     1.18     1.18     3.76     1.61     1.17     1.90     1.18     1.18 
 10  90     4.00     8.11     8.05     5.60     8.09     8.06     3.64     1.59     1.17     2.09     1.18     1.17     3.84     1.59     1.17     1.93     1.18     1.18 
 20   0     4.14     8.10     8.16     5.29     8.08     8.09     3.57     1.60     1.17     2.12     1.18     1.18     3.82     1.59     1.17     1.99     1.19     1.18 
 20  10     4.40     7.91     8.04     5.35     8.01     8.10     3.38     1.61     1.17     2.13     1.17     1.18     3.52     1.60     1.17     2.07     1.18     1.33 
 20  20     3.98     8.12     8.06     5.58     8.04     8.13     3.59     1.59     1.17     2.09     1.18     1.18     3.78     1.59     1.17     1.93     1.19     1.39 
 20  30     4.15     8.04     8.10     5.61     8.10     8.13     3.47     1.61     1.17     2.08     1.18     1.18     3.70     1.60     1.18     1.95     1.19     1.19 
 20  40     4.48     8.14     8.04     5.32     8.03     7.99     3.25     1.60     1.17     2.12     1.18     1.17     3.44     1.59     1.17     1.95     1.18     1.18 
 20  50     4.32     8.07     8.13     5.60     8.05     8.04     3.31     1.59     1.17     2.05     1.17     1.17     3.43     1.59     1.17     1.90     1.19     1.18 
 20  60     4.23     8.02     8.10     5.32     8.12     8.07     3.48     1.61     1.17     2.10     1.19     1.18     3.68     1.61     1.17     1.97     1.20     1.18 
 20  70     4.54     8.05     8.12     5.36     8.01     8.03     3.20     1.62     1.17     2.09     1.17     1.16     3.37     1.63     1.17     1.94     1.17     1.17 
 20  80     4.22     8.11     8.06     5.31     8.13     8.10     3.47     1.60     1.17     2.09     1.17     1.18     3.66     1.60     1.17     1.96     1.18     1.18 
 20  90     4.18     7.85     8.08     5.27     7.99     8.05     3.45     1.64     1.17     2.12     1.17     1.19     3.72     1.65     1.17     1.98     1.18     1.19 
 30   0     4.27     8.08     8.17     5.22     8.00     7.99     3.42     1.62     1.18     2.13     1.17     1.17     3.66     1.62     1.18     2.01     1.17     1.18 
 30  10     3.87     7.92     8.16     5.27     8.06     8.08     3.72     1.61     1.17     2.11     1.17     1.17     3.85     1.61     1.29     2.10     1.19     1.18 
 30  20     4.28     8.16     8.20     5.24     8.07     8.08     3.46     1.61     1.17     2.11     1.17     1.18     3.62     1.60     1.17     1.98     1.18     1.19 
 30  30     4.23     7.82     8.23     5.61     8.13     8.05     3.47     1.66     1.17     2.08     1.18     1.16     3.68     1.66     1.44     1.94     1.18     1.17 
 30  40     4.41     7.88     8.09     5.93     8.07     8.11     3.34     1.62     1.16     1.98     1.17     1.19     3.46     1.61     1.17     1.83     1.18     1.18 
 30  50     4.05     8.08     8.13     6.26     8.09     8.02     3.63     1.60     1.17     1.95     1.18     1.19     3.81     1.60     1.17     1.79     1.18     1.19 
 30  60     3.90     7.98     8.13     5.24     8.16     8.09     3.65     1.62     1.17     2.12     1.18     1.17     3.87     1.62     1.18     2.00     1.19     1.18 
 30  70     4.56     8.04     8.04     5.56     8.06     8.02     3.17     1.60     1.17     2.06     1.17     1.17     3.33     1.60     1.17     1.90     1.18     1.18 
 30  80     4.61     7.97     8.10     5.23     8.08     8.11     3.20     1.62     1.17     2.11     1.18     1.18     3.30     1.61     1.17     1.97     1.19     1.18 
 30  90     4.71     8.12     8.20     5.57     8.12     8.13     3.06     1.61     1.18     2.07     1.18     1.18     3.19     1.82     1.18     1.93     1.19     1.19 
 40   0     4.23     8.04     8.05     5.24     8.03     8.01     3.38     1.62     1.16     2.12     1.17     1.17     3.62     1.62     1.16     1.96     1.17     1.18 
 40  10     4.18     8.05     8.10     5.54     8.06     8.10     3.56     1.62     1.17     2.06     1.17     1.17     3.73     1.61     1.17     1.91     1.37     1.18 
 40  20     4.36     8.09     8.15     5.53     8.13     8.10     3.43     1.61     1.17     2.07     1.18     1.17     3.62     1.81     1.17     1.93     1.20     1.18 
 40  30     4.03     8.16     8.18     5.22     8.03     7.99     3.60     1.62     1.17     2.13     1.17     1.17     3.74     1.89     1.17     1.96     1.18     1.18 
 40  40     4.70     8.07     8.09     5.83     8.07     8.08     3.14     1.61     1.17     2.02     1.17     1.18     3.27     1.60     1.17     1.86     1.18     1.18 
 40  50     3.99     8.08     7.94     5.82     8.11     8.06     3.58     1.60     1.17     2.03     1.17     1.18     3.71     1.60     1.17     1.88     1.18     1.19 
 40  60     4.48     8.13     8.18     5.22     8.03     8.08     3.25     1.62     1.17     2.10     1.17     1.17     3.46     1.62     1.18     1.99     1.17     1.28 
 40  70     4.14     7.81     8.11     5.54     8.11     8.08     3.55     1.64     1.17     2.07     1.18     1.18     3.70     1.63     1.17     1.90     1.19     1.18 
 40  80     4.00     8.05     8.09     5.56     8.10     8.15     3.60     1.61     1.17     2.04     1.18     1.17     3.80     1.61     1.17     1.92     1.19     1.18 
 40  90     4.64     7.98     8.13     5.54     8.10     7.99     3.11     1.63     1.17     2.02     1.19     1.19     3.26     1.64     1.18     1.93     1.19     1.18 
 50   0     4.02     7.99     8.10     5.22     8.04     8.06     3.68     1.61     1.16     2.08     1.18     1.17     3.83     1.61     1.17     1.95     1.17     1.18 
 50  10     3.88     7.83     8.08     5.78     8.16     8.05     3.77     1.66     1.17     2.02     1.18     1.18     4.05     1.66     1.17     1.87     1.20     1.18 
 50  20     4.12     8.19     8.16     5.77     8.05     8.13     3.59     1.60     1.17     2.01     1.18     1.19     3.85     1.60     1.18     1.86     1.19     1.19 
 50  30     3.93     8.02     8.11     5.51     8.04     8.04     3.73     1.61     1.16     2.03     1.17     1.18     3.90     1.61     1.17     1.89     1.18     1.18 
 50  40     4.13     7.96     8.05     5.46     8.09     8.08     3.50     1.62     1.17     2.03     1.18     1.18     3.64     1.61     1.17     1.91     1.18     1.18 
 50  50     3.83     8.11     8.04     5.52     8.09     8.10     3.84     1.61     1.17     2.04     1.18     1.18     4.00     1.61     1.17     1.91     1.18     1.19 
 50  60     4.23     8.06     8.07     5.23     8.06     8.02     3.46     1.61     1.16     2.06     1.17     1.17     3.69     1.61     1.17     1.94     1.17     1.18 
 50  70     3.84     8.05     8.14     5.45     8.11     8.10     3.83     1.61     1.17     2.05     1.18     1.18     3.95     1.60     1.17     1.92     1.18     1.18 
 50  80     4.49     7.88     8.21     5.72     8.10     8.07     3.27     1.64     1.17     2.03     1.18     1.19     3.42     1.65     1.17     1.89     1.19     1.19 
 50  90     3.82     7.96     8.12     6.06     8.01     8.02     3.86     1.63     1.17     1.97     1.17     1.18     4.06     1.64     1.17     1.79     1.18     1.18 
 60   0     3.89     7.87     8.08     5.40     8.07     8.10     3.67     1.63     1.17     2.03     1.17     1.17     3.86     1.63     1.17     1.93     1.18     1.37 
 60  10     4.42     7.97     8.16     5.07     8.03     8.08     3.31     1.62     1.17     2.06     1.18     1.17     3.48     1.62     1.17     2.02     1.19     1.18 
 60  20     4.23     8.24     8.18     5.08     7.99     8.03     3.48     1.59     1.18     2.04     1.16     1.17     3.70     1.59     1.18     1.99     1.17     1.17 
 60  30     4.42     8.01     8.14     5.75     8.04     8.08     3.30     1.63     1.16     1.98     1.17     1.18     3.44     1.62     1.17     2.00     1.18     1.18 
 60  40     3.95     7.85     8.14     5.49     7.98     8.05     3.69     1.63     1.17     1.98     1.17     1.18     3.88     1.64     1.37     1.91     1.18     1.19 
 60  50     4.17     8.00     8.25     5.44     8.14     7.99     3.49     1.62     1.17     2.02     1.18     1.17     3.72     1.63     1.18     1.95     1.18     1.17 
 60  60     4.06     7.96     8.11     5.43     8.06     8.03     3.62     1.61     1.16     2.01     1.17     1.17     3.78     1.61     1.17     1.91     1.18     1.17 
 60  70     3.93     8.00     8.19     5.12     8.14     8.10     3.67     1.62     1.17     2.05     1.18     1.18     3.89     1.61     1.17     1.98     1.18     1.18 
 60  80     4.13     7.98     8.12     5.42     8.13     8.06     3.50     1.63     1.18     2.01     1.18     1.18     3.73     1.63     1.18     2.19     1.19     1.19 
 60  90     4.10     8.04     8.09     5.10     8.00     8.08     3.54     1.60     1.17     2.05     1.17     1.18     3.71     1.59     1.17     1.97     1.18     1.18 
 70   0     4.02     7.98     8.08     5.13     8.06     8.01     3.67     1.61     1.17     2.03     1.18     1.17     3.86     1.60     1.17     1.97     1.19     1.19 
 70  10     3.90     8.07     8.07     5.74     8.15     8.14     3.80     1.61     1.17     2.00     1.18     1.18     4.01     1.61     1.18     1.89     1.20     1.19 
 70  20     3.96     8.04     8.05     5.74     8.05     8.04     3.73     1.58     1.17     1.98     1.17     1.18     3.93     1.58     1.17     1.85     1.17     1.31 
 70  30     4.08     8.15     8.09     5.13     8.05     8.08     3.55     1.59     1.17     2.06     1.17     1.18     3.78     1.58     1.17     1.98     1.18     1.18 
 70  40     4.19     8.13     8.17     5.12     8.04     8.09     3.46     1.58     1.17     2.06     1.18     1.18     3.69     1.57     1.17     2.00     1.19     1.19 
 70  50     4.36     7.93     8.10     5.40     8.09     8.04     3.44     1.62     1.17     2.02     1.17     1.17     3.70     1.63     1.17     1.91     1.18     1.18 
 70  60     4.18     8.00     8.13     5.78     8.12     8.06     3.55     1.59     1.17     1.99     1.17     1.18     3.70     1.59     1.17     1.86     1.18     1.19 
 70  70     4.08     8.05     8.10     5.09     8.16     8.04     3.63     1.59     1.17     2.05     1.18     1.18     3.99     1.59     1.18     2.01     1.19     1.18 
 70  80     4.10     8.05     8.14     5.43     8.05     8.04     3.60     1.59     1.17     2.02     1.17     1.17     3.86     1.58     1.18     1.92     1.18     1.18 
 70  90     4.12     8.04     8.12     5.39     8.05     8.08     3.54     1.58     1.17     2.04     1.18     1.19     3.73     1.57     1.17     1.93     1.18     1.18 
 80   0     3.96     8.09     8.14     5.50     8.06     8.12     3.72     1.55     1.17     1.98     1.17     1.17     3.88     1.54     1.17     1.90     1.18     1.18 
 80  10     4.11     8.13     8.18     5.50     8.12     8.03     3.59     1.57     1.18     2.05     1.17     1.17     3.81     1.57     1.18     1.94     1.18     1.17 
 80  20     4.14     7.99     8.08     5.47     8.00     8.04     3.52     1.55     1.17     2.01     1.18     1.18     3.69     1.54     1.17     1.90     1.18     1.18 
 80  30     4.06     8.05     8.21     5.19     8.11     8.08     3.63     1.55     1.17     2.05     1.18     1.18     3.83     1.54     1.37     1.97     1.18     1.42 
 80  40     4.10     8.01     8.25     5.45     8.06     8.07     3.51     1.55     1.17     2.03     1.18     1.17     3.74     1.55     1.18     1.94     1.19     1.18 
 80  50     4.10     7.70     8.05     5.49     8.06     8.12     3.51     1.62     1.17     2.03     1.17     1.17     3.69     1.61     1.17     1.90     1.18     1.33 
 80  60     3.95     8.02     8.15     5.17     8.06     8.10     3.72     1.55     1.17     2.06     1.17     1.17     3.90     1.55     1.17     1.97     1.18     1.18 
 80  70     4.22     7.93     8.16     5.41     8.08     8.14     3.44     1.60     1.17     2.01     1.18     1.17     3.67     1.60     1.17     1.92     1.46     1.18 
 80  80     4.23     7.97     8.03     5.17     8.04     8.03     3.43     1.55     1.17     2.05     1.17     1.17     3.91     1.55     1.17     1.94     1.18     1.18 
 80  90     4.14     7.99     8.11     5.22     8.08     8.06     3.53     1.58     1.17     2.05     1.18     1.17     3.70     1.74     1.17     1.96     1.19     1.18 
 90   0     4.16     8.03     8.16     5.22     8.09     8.10     3.47     1.56     1.17     2.07     1.17     1.18     3.71     1.55     1.17     1.98     1.18     1.19 
 90  10     4.12     8.15     8.05     5.47     8.02     7.98     3.54     1.53     1.16     2.00     1.17     1.18     3.81     1.52     1.17     1.89     1.18     1.18 
 90  20     4.07     8.06     8.03     5.71     8.11     8.01     3.61     1.55     1.17     1.98     1.18     1.18     3.76     1.54     1.17     1.86     1.37     1.19 
 90  30     4.04     8.10     8.12     5.46     8.11     8.03     3.62     1.55     1.18     2.04     1.18     1.18     3.77     1.55     1.18     1.92     1.19     1.18 
 90  40     4.11     7.66     8.18     5.19     8.08     7.99     3.53     1.62     1.17     2.08     1.17     1.17     3.78     1.64     1.18     1.96     1.17     1.18 
 90  50     4.15     8.00     8.04     5.47     8.07     8.05     3.50     1.58     1.17     2.03     1.17     1.18     3.68     1.57     1.17     1.90     1.18     1.19 
 90  60     4.18     8.08     8.17     5.24     8.11     8.15     3.47     1.54     1.17     2.08     1.18     1.18     3.69     1.53     1.17     1.97     1.19     1.19 
 90  70     3.98     8.13     8.26     5.50     8.08     7.98     3.67     1.56     1.17     2.03     1.17     1.18     4.12     1.55     1.18     1.93     1.18     1.18 
 90  80     3.99     8.03     8.11     5.20     8.05     8.01     3.70     1.57     1.17     2.07     1.17     1.17     3.87     1.56     1.17     1.96     1.17     1.18 
 90  90     3.98     8.06     8.10     5.21     8.04     8.01     3.70     1.54     1.17     2.09     1.17     1.17     3.90     1.53     1.17     1.97     1.18     1.18 
