./run-tests.py -vw --duration 5 --max-trials 3 --step 10 --spin-min 0 --num-points 10 -S square --Bp 1 --Bc 1
  P   C     lq.T    llq.T    blq.T    ffq.T   iffq.T  biffq.T     lq.P    llq.P    blq.P    ffq.P   iffq.P  biffq.P     lq.C    llq.C    blq.C    ffq.C   iffq.C  biffq.C 
  0   0    21.48    29.01    30.87    59.91    76.89    55.44     0.00     0.00     0.00     0.00     0.00     0.00     0.00     0.00     0.00     0.00     0.00     0.00 
  0  10     7.81    25.14    32.12    21.91    34.31    34.09     0.00     0.00     0.00     0.00     0.00     0.00     0.00     0.00     0.00     0.00     0.00     0.00 
  0  20     8.37    24.38    20.69    14.72    26.72    27.09     0.00     0.00     0.00     0.00     0.00     0.00     0.00     0.00     0.00     0.00     0.00     0.00 
  0  30     7.29    19.62    17.80    10.14    20.69    21.19     0.00     0.00     0.00     0.00     0.00     0.00     0.00     0.00     0.00     0.00     0.00     0.00 
  0  40     7.87    16.68    14.83    12.21    17.95    17.70     0.00     0.00     0.00     0.00     0.00     0.00     0.00     0.00     0.00     0.00     0.00     0.00 
  0  50     6.83    14.25    14.70     9.51    14.86    15.01     0.00     0.00     0.00     0.00     0.00     0.00     0.00     0.00     0.00     0.00     0.00     0.00 
  0  60     6.32    11.48    13.03     9.01    13.13    13.23     0.00     0.00     0.00     0.00     0.00     0.00     0.00     0.00     0.00     0.00     0.00     0.00 
  0  70     6.09    11.51    11.68     9.05    11.75    11.75     0.00     0.00     0.00     0.00     0.00     0.00     0.00     0.00     0.00     0.00     0.00     0.00 
  0  80     6.45    10.49    10.43     8.68    10.48    10.45     0.00     0.00     0.00     0.00     0.00     0.00     0.00     0.00     0.00     0.00     0.00     0.00 
  0  90     6.30     9.67     9.70     8.35     9.66     9.63     0.00     0.00     0.00     0.00     0.00     0.00     0.00     0.00     0.00     0.00     0.00     0.00 
 10   0    13.29    38.55    38.14    18.36    42.84    41.45     0.00     0.00     0.00     0.00     0.00     0.00     0.00     0.00     0.00     0.00     0.00     0.00 
 10  10    12.40    26.23    30.89    21.52    34.02    34.39     0.00     0.00     0.00     0.00     0.00     0.00     0.00     0.00     0.00     0.00     0.00     0.00 
 10  20     7.67    23.75    26.32    16.90    27.17    27.12     0.00     0.00     0.00     0.00     0.00     0.00     0.00     0.00     0.00     0.00     0.00     0.00 
 10  30    10.02    19.44    20.53    13.10    20.76    20.76     0.00     0.00     0.00     0.00     0.00     0.00     0.00     0.00     0.00     0.00     0.00     0.00 
 10  40     7.64    17.10    17.34    12.00    17.61    17.72     0.00     0.00     0.00     0.00     0.00     0.00     0.00     0.00     0.00     0.00     0.00     0.00 
 10  50     7.19    14.46    14.77    10.72    14.83    14.86     0.00     0.00     0.00     0.00     0.00     0.00     0.00     0.00     0.00     0.00     0.00     0.00 
 10  60     7.71    12.86    12.17     9.44    13.06    13.07     0.00     0.00     0.00     0.00     0.00     0.00     0.00     0.00     0.00     0.00     0.00     0.00 
 10  70     5.98    11.00    11.23     8.87    11.74    11.75     0.00     0.00     0.00     0.00     0.00     0.00     0.00     0.00     0.00     0.00     0.00     0.00 
 10  80     5.79    10.49    10.49     9.30    10.48    10.47     0.00     0.00     0.00     0.00     0.00     0.00     0.00     0.00     0.00     0.00     0.00     0.00 
 10  90     6.10     9.78     9.50     8.38     9.66     9.67     0.00     0.00     0.00     0.00     0.00     0.00     0.00     0.00     0.00     0.00     0.00     0.00 
 20   0    11.15    24.23    28.59    15.60    30.76    29.87     0.00     0.00     0.00     0.00     0.00     0.00     0.00     0.00     0.00     0.00     0.00     0.00 
 20  10     9.53    27.42    31.02    14.56    30.99    29.87     0.00     0.00     0.00     0.00     0.00     0.00     0.00     0.00     0.00     0.00     0.00     0.00 
 20  20     9.45    21.36    26.25    17.15    26.25    26.44     0.00     0.00     0.00     0.00     0.00     0.00     0.00     0.00     0.00     0.00     0.00     0.00 
 20  30    10.44    16.41    20.17    15.26    20.59    20.78     0.00     0.00     0.00     0.00     0.00     0.00     0.00     0.00     0.00     0.00     0.00     0.00 
 20  40     9.13    15.14    17.15    12.33    17.51    17.69     0.00     0.00     0.00     0.00     0.00     0.00     0.00     0.00     0.00     0.00     0.00     0.00 
 20  50     7.34    14.33    14.77    10.12    15.01    14.96     0.00     0.00     0.00     0.00     0.00     0.00     0.00     0.00     0.00     0.00     0.00     0.00 
 20  60     7.76    12.76    13.07     9.82    13.10    13.20     0.00     0.00     0.00     0.00     0.00     0.00     0.00     0.00     0.00     0.00     0.00     0.00 
 20  70     7.03    11.65    11.74     9.37    11.71    11.73     0.00     0.00     0.00     0.00     0.00     0.00     0.00     0.00     0.00     0.00     0.00     0.00 
 20  80     6.41    10.52    10.16     8.88    10.46    10.39     0.00     0.00     0.00     0.00     0.00     0.00     0.00     0.00     0.00     0.00     0.00     0.00 
 20  90     6.64     9.61     9.54     8.52     9.67     9.66     0.00     0.00     0.00     0.00     0.00     0.00     0.00     0.00     0.00     0.00     0.00     0.00 
 30   0    11.76    19.73    21.25    12.20    22.91    22.40     0.00     0.00     0.00     0.00     0.00     0.00     0.00     0.00     0.00     0.00     0.00     0.00 
 30  10     8.61    19.13    21.94    11.26    23.17    22.61     0.00     0.00     0.00     0.00     0.00     0.00     0.00     0.00     0.00     0.00     0.00     0.00 
 30  20     9.27    20.59    24.05    13.59    23.51    22.85     0.00     0.00     0.00     0.00     0.00     0.00     0.00     0.00     0.00     0.00     0.00     0.00 
 30  30     6.59    19.76    20.30    14.62    20.64    20.38     0.00     0.00     0.00     0.00     0.00     0.00     0.00     0.00     0.00     0.00     0.00     0.00 
 30  40     7.78    16.18    16.81    13.88    17.31    17.53     0.00     0.00     0.00     0.00     0.00     0.00     0.00     0.00     0.00     0.00     0.00     0.00 
 30  50     6.14    13.20    13.12    10.38    14.94    14.92     0.00     0.00     0.00     0.00     0.00     0.00     0.00     0.00     0.00     0.00     0.00     0.00 
 30  60     7.08    12.85    13.10    10.13    13.07    13.02     0.00     0.00     0.00     0.00     0.00     0.00     0.00     0.00     0.00     0.00     0.00     0.00 
 30  70     7.06    11.66    11.67     9.90    11.77    11.72     0.00     0.00     0.00     0.00     0.00     0.00     0.00     0.00     0.00     0.00     0.00     0.00 
 30  80     6.41    10.44    10.46     8.88    10.46    10.51     0.00     0.00     0.00     0.00     0.00     0.00     0.00     0.00     0.00     0.00     0.00     0.00 
 30  90     5.47     9.75     9.51     8.23     9.64     9.64     0.00     0.00     0.00     0.00     0.00     0.00     0.00     0.00     0.00     0.00     0.00     0.00 
 40   0    10.38    14.76    17.70    10.00    17.49    18.14     0.00     0.00     0.00     0.00     0.00     0.00     0.00     0.00     0.00     0.00     0.00     0.00 
 40  10     9.76    14.87    18.53    10.76    18.72    18.39     0.00     0.00     0.00     0.00     0.00     0.00     0.00     0.00     0.00     0.00     0.00     0.00 
 40  20     8.78    17.02    18.38    10.89    18.63    18.57     0.00     0.00     0.00     0.00     0.00     0.00     0.00     0.00     0.00     0.00     0.00     0.00 
 40  30     5.75    18.79    19.44    11.64    19.01    19.10     0.00     0.00     0.00     0.00     0.00     0.00     0.00     0.00     0.00     0.00     0.00     0.00 
 40  40     8.37    16.93    16.25    12.97    17.53    17.44     0.00     0.00     0.00     0.00     0.00     0.00     0.00     0.00     0.00     0.00     0.00     0.00 
 40  50     5.66    13.42    14.40    11.93    14.87    14.69     0.00     0.00     0.00     0.00     0.00     0.00     0.00     0.00     0.00     0.00     0.00     0.00 
 40  60     6.35    12.97    12.93    10.52    13.11    13.14     0.00     0.00     0.00     0.00     0.00     0.00     0.00     0.00     0.00     0.00     0.00     0.00 
 40  70     5.62    11.52    11.05     8.27    11.63    11.64     0.00     0.00     0.00     0.00     0.00     0.00     0.00     0.00     0.00     0.00     0.00     0.00 
 40  80     5.59    10.51    10.49     8.71    10.45    10.44     0.00     0.00     0.00     0.00     0.00     0.00     0.00     0.00     0.00     0.00     0.00     0.00 
 40  90     6.46     9.68     9.64     8.51     9.68     9.63     0.00     0.00     0.00     0.00     0.00     0.00     0.00     0.00     0.00     0.00     0.00     0.00 
 50   0     9.53    12.97    14.06     8.68    15.90    15.49     0.00     0.00     0.00     0.00     0.00     0.00     0.00     0.00     0.00     0.00     0.00     0.00 
 50  10     8.79    12.69    14.80    10.18    15.82    15.54     0.00     0.00     0.00     0.00     0.00     0.00     0.00     0.00     0.00     0.00     0.00     0.00 
 50  20     6.34    12.53    15.39     8.83    15.83    15.65     0.00     0.00     0.00     0.00     0.00     0.00     0.00     0.00     0.00     0.00     0.00     0.00 
 50  30     8.63    13.70    15.51    11.28    15.91    15.56     0.00     0.00     0.00     0.00     0.00     0.00     0.00     0.00     0.00     0.00     0.00     0.00 
 50  40     6.80    14.36    15.90     9.04    15.82    15.74     0.00     0.00     0.00     0.00     0.00     0.00     0.00     0.00     0.00     0.00     0.00     0.00 
 50  50     7.38    14.88    14.38    11.10    14.59    14.83     0.00     0.00     0.00     0.00     0.00     0.00     0.00     0.00     0.00     0.00     0.00     0.00 
 50  60     7.02    12.86    12.93     9.94    13.12    13.10     0.00     0.00     0.00     0.00     0.00     0.00     0.00     0.00     0.00     0.00     0.00     0.00 
 50  70     7.38    11.63    11.65     9.61    11.71    11.77     0.00     0.00     0.00     0.00     0.00     0.00     0.00     0.00     0.00     0.00     0.00     0.00 
 50  80     7.04     9.84    10.42     8.93    10.44    10.43     0.00     0.00     0.00     0.00     0.00     0.00     0.00     0.00     0.00     0.00     0.00     0.00 
 50  90     6.51     9.69     9.63     8.28     9.58     9.60     0.00     0.00     0.00     0.00     0.00     0.00     0.00     0.00     0.00     0.00     0.00     0.00 
 60   0     8.36    12.08    13.30     9.64    13.59    13.49     0.00     0.00     0.00     0.00     0.00     0.00     0.00     0.00     0.00     0.00     0.00     0.00 
 60  10     8.89    11.59    13.27     9.21    13.46    13.35     0.00     0.00     0.00     0.00     0.00     0.00     0.00     0.00     0.00     0.00     0.00     0.00 
 60  20     6.74    12.10    13.19    10.38    13.57    13.52     0.00     0.00     0.00     0.00     0.00     0.00     0.00     0.00     0.00     0.00     0.00     0.00 
 60  30     7.16    12.59    13.31     8.74    13.39    13.55     0.00     0.00     0.00     0.00     0.00     0.00     0.00     0.00     0.00     0.00     0.00     0.00 
 60  40     6.23    11.99    13.69     9.37    13.73    13.43     0.00     0.00     0.00     0.00     0.00     0.00     0.00     0.00     0.00     0.00     0.00     0.00 
 60  50     6.85    11.95    13.77    10.67    13.61    13.63     0.00     0.00     0.00     0.00     0.00     0.00     0.00     0.00     0.00     0.00     0.00     0.00 
 60  60     7.29    13.04    12.34    10.32    13.10    13.08     0.00     0.00     0.00     0.00     0.00     0.00     0.00     0.00     0.00     0.00     0.00     0.00 
 60  70     7.46    11.43    11.45     9.24    11.58    11.64     0.00     0.00     0.00     0.00     0.00     0.00     0.00     0.00     0.00     0.00     0.00     0.00 
 60  80     5.96    10.42    10.21     8.89    10.45    10.46     0.00     0.00     0.00     0.00     0.00     0.00     0.00     0.00     0.00     0.00     0.00     0.00 
 60  90     6.29     9.62     9.51     8.11     9.62     9.62     0.00     0.00     0.00     0.00     0.00     0.00     0.00     0.00     0.00     0.00     0.00     0.00 
 70   0     7.08    10.23    11.75     9.12    11.92    11.98     0.00     0.00     0.00     0.00     0.00     0.00     0.00     0.00     0.00     0.00     0.00     0.00 
 70  10     7.54    11.19    11.60     8.20    11.90    11.86     0.00     0.00     0.00     0.00     0.00     0.00     0.00     0.00     0.00     0.00     0.00     0.00 
 70  20     8.25    10.75    11.52     8.24    11.96    11.34     0.00     0.00     0.00     0.00     0.00     0.00     0.00     0.00     0.00     0.00     0.00     0.00 
 70  30     7.06    10.55    11.77     8.31    11.88    11.86     0.00     0.00     0.00     0.00     0.00     0.00     0.00     0.00     0.00     0.00     0.00     0.00 
 70  40     6.10    10.77    11.94     9.27    12.08    11.96     0.00     0.00     0.00     0.00     0.00     0.00     0.00     0.00     0.00     0.00     0.00     0.00 
 70  50     6.50    10.98    11.99     9.49    12.02    11.90     0.00     0.00     0.00     0.00     0.00     0.00     0.00     0.00     0.00     0.00     0.00     0.00 
 70  60     6.43    11.35    12.10     9.03    12.06    11.96     0.00     0.00     0.00     0.00     0.00     0.00     0.00     0.00     0.00     0.00     0.00     0.00 
 70  70     5.51    11.66    11.61     9.68    11.78    11.54     0.00     0.00     0.00     0.00     0.00     0.00     0.00     0.00     0.00     0.00     0.00     0.00 
 70  80     6.04    10.36    10.30     8.56    10.39    10.42     0.00     0.00     0.00     0.00     0.00     0.00     0.00     0.00     0.00     0.00     0.00     0.00 
 70  90     6.34     9.61     9.63     8.11     9.62     9.64     0.00     0.00     0.00     0.00     0.00     0.00     0.00     0.00     0.00     0.00     0.00     0.00 
 80   0     7.94     9.30    10.37     8.41    10.55    10.49     0.00     0.00     0.00     0.00     0.00     0.00     0.00     0.00     0.00     0.00     0.00     0.00 
 80  10     7.63     9.74    10.31     8.74    10.56    10.49     0.00     0.00     0.00     0.00     0.00     0.00     0.00     0.00     0.00     0.00     0.00     0.00 
 80  20     6.82     9.15    10.17     7.99    10.63    10.47     0.00     0.00     0.00     0.00     0.00     0.00     0.00     0.00     0.00     0.00     0.00     0.00 
 80  30     7.09     9.85    10.34     8.80    10.45    10.47     0.00     0.00     0.00     0.00     0.00     0.00     0.00     0.00     0.00     0.00     0.00     0.00 
 80  40     6.61     9.61    10.49     8.75    10.55    10.60     0.00     0.00     0.00     0.00     0.00     0.00     0.00     0.00     0.00     0.00     0.00     0.00 
 80  50     6.42    10.11    10.49     8.48    10.45    10.53     0.00     0.00     0.00     0.00     0.00     0.00     0.00     0.00     0.00     0.00     0.00     0.00 
 80  60     6.27     9.15    10.51     8.60    10.57    10.57     0.00     0.00     0.00     0.00     0.00     0.00     0.00     0.00     0.00     0.00     0.00     0.00 
 80  70     5.81     9.26    10.56     8.76    10.57    10.58     0.00     0.00     0.00     0.00     0.00     0.00     0.00     0.00     0.00     0.00     0.00     0.00 
 80  80     6.61    10.49    10.29     8.20    10.46    10.43     0.00     0.00     0.00     0.00     0.00     0.00     0.00     0.00     0.00     0.00     0.00     0.00 
 80  90     6.48     9.61     9.52     8.37     9.61     9.59     0.00     0.00     0.00     0.00     0.00     0.00     0.00     0.00     0.00     0.00     0.00     0.00 
 90   0     7.27     8.96     9.39     7.97     9.76     9.65     0.00     0.00     0.00     0.00     0.00     0.00     0.00     0.00     0.00     0.00     0.00     0.00 
 90  10     5.97     8.48     9.61     8.12     9.80     9.65     0.00     0.00     0.00     0.00     0.00     0.00     0.00     0.00     0.00     0.00     0.00     0.00 
 90  20     6.60     9.09     9.72     8.12     9.82     9.69     0.00     0.00     0.00     0.00     0.00     0.00     0.00     0.00     0.00     0.00     0.00     0.00 
 90  30     6.94     8.68     9.37     7.94     9.75     9.63     0.00     0.00     0.00     0.00     0.00     0.00     0.00     0.00     0.00     0.00     0.00     0.00 
 90  40     6.71     8.82     9.55     8.28     9.82     9.62     0.00     0.00     0.00     0.00     0.00     0.00     0.00     0.00     0.00     0.00     0.00     0.00 
 90  50     6.61     8.56     9.61     7.63     9.76     9.54     0.00     0.00     0.00     0.00     0.00     0.00     0.00     0.00     0.00     0.00     0.00     0.00 
 90  60     6.60     8.97     9.79     7.63     9.71     9.60     0.00     0.00     0.00     0.00     0.00     0.00     0.00     0.00     0.00     0.00     0.00     0.00 
 90  70     6.14     8.83     9.80     7.98     9.75     9.71     0.00     0.00     0.00     0.00     0.00     0.00     0.00     0.00     0.00     0.00     0.00     0.00 
 90  80     6.39     8.67     9.85     7.82     9.85     9.61     0.00     0.00     0.00     0.00     0.00     0.00     0.00     0.00     0.00     0.00     0.00     0.00 
 90  90     6.57     9.41     9.60     8.14     9.63     9.61     0.00     0.00     0.00     0.00     0.00     0.00     0.00     0.00     0.00     0.00     0.00     0.00 
