./run-tests.py -vw --duration 5 --max-trials 3 --step 10 --spin-min 0 --num-points 10 -S square -M --Bp 1 --Bc 1
  P   C     lq.T    llq.T    blq.T    ffq.T   iffq.T  biffq.T     lq.P    llq.P    blq.P    ffq.P   iffq.P  biffq.P     lq.C    llq.C    blq.C    ffq.C   iffq.C  biffq.C 
  0   0     3.96     4.29     4.99     4.69     4.23     4.11     0.00     0.00     0.00     0.00     0.00     0.00     0.00     0.00     0.00     0.00     0.00     0.00 
  0  10     4.20     8.08     7.84     5.58     8.08     8.05     0.00     0.00     0.00     0.00     0.00     0.00     0.00     0.00     0.00     0.00     0.00     0.00 
  0  20     4.33     8.06     7.67     5.30     8.08     8.06     0.00     0.00     0.00     0.00     0.00     0.00     0.00     0.00     0.00     0.00     0.00     0.00 
  0  30     4.19     8.10     7.95     5.31     8.11     8.09     0.00     0.00     0.00     0.00     0.00     0.00     0.00     0.00     0.00     0.00     0.00     0.00 
  0  40     4.17     8.08     7.87     5.35     8.08     8.15     0.00     0.00     0.00     0.00     0.00     0.00     0.00     0.00     0.00     0.00     0.00     0.00 
  0  50     4.22     8.13     7.81     5.84     8.08     8.02     0.00     0.00     0.00     0.00     0.00     0.00     0.00     0.00     0.00     0.00     0.00     0.00 
  0  60     4.09     7.88     7.89     6.05     8.09     8.08     0.00     0.00     0.00     0.00     0.00     0.00     0.00     0.00     0.00     0.00     0.00     0.00 
  0  70     4.26     8.01     7.75     6.26     8.00     8.13     0.00     0.00     0.00     0.00     0.00     0.00     0.00     0.00     0.00     0.00     0.00     0.00 
  0  80     3.99     8.00     7.87     6.28     8.04     8.01     0.00     0.00     0.00     0.00     0.00     0.00     0.00     0.00     0.00     0.00     0.00     0.00 
  0  90     4.03     8.01     7.80     6.20     8.10     8.01     0.00     0.00     0.00     0.00     0.00     0.00     0.00     0.00     0.00     0.00     0.00     0.00 
 10   0     3.95     7.89     7.86     5.98     8.16     8.04     0.00     0.00     0.00     0.00     0.00     0.00     0.00     0.00     0.00     0.00     0.00     0.00 
 10  10     3.79     7.97     7.72     5.99     8.08     8.06     0.00     0.00     0.00     0.00     0.00     0.00     0.00     0.00     0.00     0.00     0.00     0.00 
 10  20     3.99     8.07     7.44     6.28     8.05     8.05     0.00     0.00     0.00     0.00     0.00     0.00     0.00     0.00     0.00     0.00     0.00     0.00 
 10  30     3.96     8.08     7.88     5.56     8.04     8.04     0.00     0.00     0.00     0.00     0.00     0.00     0.00     0.00     0.00     0.00     0.00     0.00 
 10  40     4.16     7.93     7.97     5.58     8.08     8.08     0.00     0.00     0.00     0.00     0.00     0.00     0.00     0.00     0.00     0.00     0.00     0.00 
 10  50     4.14     7.91     7.86     5.28     8.05     8.05     0.00     0.00     0.00     0.00     0.00     0.00     0.00     0.00     0.00     0.00     0.00     0.00 
 10  60     4.11     8.04     7.86     6.11     8.03     8.04     0.00     0.00     0.00     0.00     0.00     0.00     0.00     0.00     0.00     0.00     0.00     0.00 
 10  70     4.14     7.91     7.89     5.32     8.12     8.04     0.00     0.00     0.00     0.00     0.00     0.00     0.00     0.00     0.00     0.00     0.00     0.00 
 10  80     3.94     7.85     7.91     6.00     8.09     8.02     0.00     0.00     0.00     0.00     0.00     0.00     0.00     0.00     0.00     0.00     0.00     0.00 
 10  90     4.06     8.08     7.76     5.29     8.12     8.09     0.00     0.00     0.00     0.00     0.00     0.00     0.00     0.00     0.00     0.00     0.00     0.00 
 20   0     4.08     7.86     7.92     5.56     8.01     8.01     0.00     0.00     0.00     0.00     0.00     0.00     0.00     0.00     0.00     0.00     0.00     0.00 
 20  10     4.20     8.06     7.90     5.83     8.06     8.02     0.00     0.00     0.00     0.00     0.00     0.00     0.00     0.00     0.00     0.00     0.00     0.00 
 20  20     4.31     8.01     8.04     6.28     8.10     8.06     0.00     0.00     0.00     0.00     0.00     0.00     0.00     0.00     0.00     0.00     0.00     0.00 
 20  30     3.93     7.82     7.21     6.25     8.07     8.06     0.00     0.00     0.00     0.00     0.00     0.00     0.00     0.00     0.00     0.00     0.00     0.00 
 20  40     4.19     7.90     7.97     5.28     8.07     8.08     0.00     0.00     0.00     0.00     0.00     0.00     0.00     0.00     0.00     0.00     0.00     0.00 
 20  50     4.19     7.93     7.72     5.30     8.08     8.08     0.00     0.00     0.00     0.00     0.00     0.00     0.00     0.00     0.00     0.00     0.00     0.00 
 20  60     4.13     8.09     7.94     5.55     8.00     8.06     0.00     0.00     0.00     0.00     0.00     0.00     0.00     0.00     0.00     0.00     0.00     0.00 
 20  70     4.04     7.90     7.97     5.27     8.04     8.08     0.00     0.00     0.00     0.00     0.00     0.00     0.00     0.00     0.00     0.00     0.00     0.00 
 20  80     4.13     7.37     7.94     5.28     8.05     8.06     0.00     0.00     0.00     0.00     0.00     0.00     0.00     0.00     0.00     0.00     0.00     0.00 
 20  90     3.90     8.08     7.82     5.72     8.00     8.09     0.00     0.00     0.00     0.00     0.00     0.00     0.00     0.00     0.00     0.00     0.00     0.00 
 30   0     3.83     8.00     7.81     5.98     8.09     8.12     0.00     0.00     0.00     0.00     0.00     0.00     0.00     0.00     0.00     0.00     0.00     0.00 
 30  10     3.78     7.92     7.83     5.96     8.03     8.02     0.00     0.00     0.00     0.00     0.00     0.00     0.00     0.00     0.00     0.00     0.00     0.00 
 30  20     3.85     8.07     8.05     5.89     8.07     8.08     0.00     0.00     0.00     0.00     0.00     0.00     0.00     0.00     0.00     0.00     0.00     0.00 
 30  30     3.81     8.13     7.93     6.26     8.07     8.13     0.00     0.00     0.00     0.00     0.00     0.00     0.00     0.00     0.00     0.00     0.00     0.00 
 30  40     3.86     7.68     7.75     6.22     8.04     8.06     0.00     0.00     0.00     0.00     0.00     0.00     0.00     0.00     0.00     0.00     0.00     0.00 
 30  50     3.87     7.86     7.83     5.37     8.08     8.09     0.00     0.00     0.00     0.00     0.00     0.00     0.00     0.00     0.00     0.00     0.00     0.00 
 30  60     3.81     8.01     7.81     6.24     8.08     8.04     0.00     0.00     0.00     0.00     0.00     0.00     0.00     0.00     0.00     0.00     0.00     0.00 
 30  70     3.77     7.66     7.81     5.99     8.05     7.99     0.00     0.00     0.00     0.00     0.00     0.00     0.00     0.00     0.00     0.00     0.00     0.00 
 30  80     3.89     7.83     7.79     6.25     8.11     8.05     0.00     0.00     0.00     0.00     0.00     0.00     0.00     0.00     0.00     0.00     0.00     0.00 
 30  90     3.71     7.65     7.90     6.23     8.01     8.08     0.00     0.00     0.00     0.00     0.00     0.00     0.00     0.00     0.00     0.00     0.00     0.00 
 40   0     3.95     8.02     7.72     6.20     8.12     8.11     0.00     0.00     0.00     0.00     0.00     0.00     0.00     0.00     0.00     0.00     0.00     0.00 
 40  10     3.80     7.96     7.78     5.88     8.09     8.05     0.00     0.00     0.00     0.00     0.00     0.00     0.00     0.00     0.00     0.00     0.00     0.00 
 40  20     3.87     7.81     7.84     5.91     8.02     8.04     0.00     0.00     0.00     0.00     0.00     0.00     0.00     0.00     0.00     0.00     0.00     0.00 
 40  30     3.90     8.00     8.00     6.18     8.03     8.09     0.00     0.00     0.00     0.00     0.00     0.00     0.00     0.00     0.00     0.00     0.00     0.00 
 40  40     3.87     8.06     7.68     6.20     8.06     8.12     0.00     0.00     0.00     0.00     0.00     0.00     0.00     0.00     0.00     0.00     0.00     0.00 
 40  50     3.85     7.93     7.78     5.93     8.10     8.03     0.00     0.00     0.00     0.00     0.00     0.00     0.00     0.00     0.00     0.00     0.00     0.00 
 40  60     3.97     7.86     7.82     5.47     8.04     8.12     0.00     0.00     0.00     0.00     0.00     0.00     0.00     0.00     0.00     0.00     0.00     0.00 
 40  70     4.06     8.15     8.02     5.47     8.05     8.05     0.00     0.00     0.00     0.00     0.00     0.00     0.00     0.00     0.00     0.00     0.00     0.00 
 40  80     4.03     7.76     7.95     5.19     8.10     8.17     0.00     0.00     0.00     0.00     0.00     0.00     0.00     0.00     0.00     0.00     0.00     0.00 
 40  90     4.62     8.04     7.80     6.18     8.08     8.05     0.00     0.00     0.00     0.00     0.00     0.00     0.00     0.00     0.00     0.00     0.00     0.00 
 50   0     3.72     8.08     7.74     5.55     8.11     8.06     0.00     0.00     0.00     0.00     0.00     0.00     0.00     0.00     0.00     0.00     0.00     0.00 
 50  10     3.67     7.93     7.73     5.82     8.09     8.12     0.00     0.00     0.00     0.00     0.00     0.00     0.00     0.00     0.00     0.00     0.00     0.00 
 50  20     3.89     8.06     7.93     6.06     8.02     8.10     0.00     0.00     0.00     0.00     0.00     0.00     0.00     0.00     0.00     0.00     0.00     0.00 
 50  30     3.80     7.88     7.71     6.08     8.06     8.07     0.00     0.00     0.00     0.00     0.00     0.00     0.00     0.00     0.00     0.00     0.00     0.00 
 50  40     3.73     7.60     7.74     5.55     8.07     8.07     0.00     0.00     0.00     0.00     0.00     0.00     0.00     0.00     0.00     0.00     0.00     0.00 
 50  50     3.74     8.08     7.54     6.13     8.03     8.06     0.00     0.00     0.00     0.00     0.00     0.00     0.00     0.00     0.00     0.00     0.00     0.00 
 50  60     3.76     7.90     7.67     6.06     8.06     8.06     0.00     0.00     0.00     0.00     0.00     0.00     0.00     0.00     0.00     0.00     0.00     0.00 
 50  70     4.13     7.86     8.01     6.10     8.11     8.03     0.00     0.00     0.00     0.00     0.00     0.00     0.00     0.00     0.00     0.00     0.00     0.00 
 50  80     3.81     7.85     7.91     5.79     8.10     8.06     0.00     0.00     0.00     0.00     0.00     0.00     0.00     0.00     0.00     0.00     0.00     0.00 
 50  90     3.72     7.75     8.01     6.06     8.04     8.04     0.00     0.00     0.00     0.00     0.00     0.00     0.00     0.00     0.00     0.00     0.00     0.00 
 60   0     3.87     6.71     7.71     6.09     8.08     8.03     0.00     0.00     0.00     0.00     0.00     0.00     0.00     0.00     0.00     0.00     0.00     0.00 
 60  10     3.83     8.03     7.85     6.05     8.13     8.12     0.00     0.00     0.00     0.00     0.00     0.00     0.00     0.00     0.00     0.00     0.00     0.00 
 60  20     3.84     7.98     7.72     5.77     8.05     8.09     0.00     0.00     0.00     0.00     0.00     0.00     0.00     0.00     0.00     0.00     0.00     0.00 
 60  30     3.87     8.05     7.93     6.11     8.01     8.06     0.00     0.00     0.00     0.00     0.00     0.00     0.00     0.00     0.00     0.00     0.00     0.00 
 60  40     3.84     8.01     7.79     5.85     8.15     8.09     0.00     0.00     0.00     0.00     0.00     0.00     0.00     0.00     0.00     0.00     0.00     0.00 
 60  50     3.93     7.87     7.70     5.78     8.03     8.00     0.00     0.00     0.00     0.00     0.00     0.00     0.00     0.00     0.00     0.00     0.00     0.00 
 60  60     3.84     8.19     7.86     5.79     8.08     8.05     0.00     0.00     0.00     0.00     0.00     0.00     0.00     0.00     0.00     0.00     0.00     0.00 
 60  70     3.88     7.59     7.95     6.05     8.12     8.09     0.00     0.00     0.00     0.00     0.00     0.00     0.00     0.00     0.00     0.00     0.00     0.00 
 60  80     3.85     7.98     7.89     5.21     8.04     8.06     0.00     0.00     0.00     0.00     0.00     0.00     0.00     0.00     0.00     0.00     0.00     0.00 
 60  90     3.86     7.72     7.73     6.06     8.16     8.09     0.00     0.00     0.00     0.00     0.00     0.00     0.00     0.00     0.00     0.00     0.00     0.00 
 70   0     3.73     7.70     7.79     6.07     8.10     8.13     0.00     0.00     0.00     0.00     0.00     0.00     0.00     0.00     0.00     0.00     0.00     0.00 
 70  10     3.76     7.80     8.02     5.80     8.16     8.01     0.00     0.00     0.00     0.00     0.00     0.00     0.00     0.00     0.00     0.00     0.00     0.00 
 70  20     3.62     7.88     7.75     5.78     8.04     8.15     0.00     0.00     0.00     0.00     0.00     0.00     0.00     0.00     0.00     0.00     0.00     0.00 
 70  30     3.74     7.99     7.43     6.03     8.02     8.05     0.00     0.00     0.00     0.00     0.00     0.00     0.00     0.00     0.00     0.00     0.00     0.00 
 70  40     3.73     7.93     7.73     6.05     8.10     8.12     0.00     0.00     0.00     0.00     0.00     0.00     0.00     0.00     0.00     0.00     0.00     0.00 
 70  50     3.85     8.05     7.85     5.79     8.07     8.06     0.00     0.00     0.00     0.00     0.00     0.00     0.00     0.00     0.00     0.00     0.00     0.00 
 70  60     3.77     7.91     7.66     5.80     8.06     8.02     0.00     0.00     0.00     0.00     0.00     0.00     0.00     0.00     0.00     0.00     0.00     0.00 
 70  70     3.71     7.47     7.96     6.05     8.13     8.09     0.00     0.00     0.00     0.00     0.00     0.00     0.00     0.00     0.00     0.00     0.00     0.00 
 70  80     3.66     8.01     7.67     6.11     8.09     8.06     0.00     0.00     0.00     0.00     0.00     0.00     0.00     0.00     0.00     0.00     0.00     0.00 
 70  90     3.99     7.91     7.81     5.62     8.07     8.12     0.00     0.00     0.00     0.00     0.00     0.00     0.00     0.00     0.00     0.00     0.00     0.00 
 80   0     3.90     7.76     7.86     5.41     8.13     8.10     0.00     0.00     0.00     0.00     0.00     0.00     0.00     0.00     0.00     0.00     0.00     0.00 
 80  10     3.91     8.07     7.96     5.18     8.03     8.13     0.00     0.00     0.00     0.00     0.00     0.00     0.00     0.00     0.00     0.00     0.00     0.00 
 80  20     3.92     7.85     7.80     5.40     8.10     8.08     0.00     0.00     0.00     0.00     0.00     0.00     0.00     0.00     0.00     0.00     0.00     0.00 
 80  30     3.92     7.81     7.70     5.39     8.06     8.03     0.00     0.00     0.00     0.00     0.00     0.00     0.00     0.00     0.00     0.00     0.00     0.00 
 80  40     3.98     7.85     7.97     5.41     8.03     8.04     0.00     0.00     0.00     0.00     0.00     0.00     0.00     0.00     0.00     0.00     0.00     0.00 
 80  50     3.92     8.07     7.91     5.42     8.02     8.11     0.00     0.00     0.00     0.00     0.00     0.00     0.00     0.00     0.00     0.00     0.00     0.00 
 80  60     3.95     7.93     7.93     5.18     8.02     8.00     0.00     0.00     0.00     0.00     0.00     0.00     0.00     0.00     0.00     0.00     0.00     0.00 
 80  70     3.87     7.84     8.00     5.43     8.00     8.09     0.00     0.00     0.00     0.00     0.00     0.00     0.00     0.00     0.00     0.00     0.00     0.00 
 80  80     3.99     7.60     7.85     6.04     8.01     8.05     0.00     0.00     0.00     0.00     0.00     0.00     0.00     0.00     0.00     0.00     0.00     0.00 
 80  90     3.73     8.09     8.00     5.54     8.04     8.07     0.00     0.00     0.00     0.00     0.00     0.00     0.00     0.00     0.00     0.00     0.00     0.00 
 90   0     3.80     7.98     7.63     5.78     8.07     8.11     0.00     0.00     0.00     0.00     0.00     0.00     0.00     0.00     0.00     0.00     0.00     0.00 
 90  10     3.86     7.97     8.02     5.76     8.04     8.13     0.00     0.00     0.00     0.00     0.00     0.00     0.00     0.00     0.00     0.00     0.00     0.00 
 90  20     3.82     7.74     7.92     5.80     8.07     8.02     0.00     0.00     0.00     0.00     0.00     0.00     0.00     0.00     0.00     0.00     0.00     0.00 
 90  30     4.08     7.80     7.61     6.00     8.08     8.11     0.00     0.00     0.00     0.00     0.00     0.00     0.00     0.00     0.00     0.00     0.00     0.00 
 90  40     3.68     7.58     7.82     5.78     8.05     8.05     0.00     0.00     0.00     0.00     0.00     0.00     0.00     0.00     0.00     0.00     0.00     0.00 
 90  50     3.65     8.03     7.79     5.55     8.11     8.12     0.00     0.00     0.00     0.00     0.00     0.00     0.00     0.00     0.00     0.00     0.00     0.00 
 90  60     4.24     7.77     7.82     5.64     8.06     8.05     0.00     0.00     0.00     0.00     0.00     0.00     0.00     0.00     0.00     0.00     0.00     0.00 
 90  70     4.08     7.47     8.03     5.65     8.03     8.05     0.00     0.00     0.00     0.00     0.00     0.00     0.00     0.00     0.00     0.00     0.00     0.00 
 90  80     4.11     7.99     7.90     5.51     7.97     8.08     0.00     0.00     0.00     0.00     0.00     0.00     0.00     0.00     0.00     0.00     0.00     0.00 
 90  90     3.83     7.97     7.80     5.77     8.09     8.04     0.00     0.00     0.00     0.00     0.00     0.00     0.00     0.00     0.00     0.00     0.00     0.00 
