./run-tests.py -M --spin-min 0 --spin-max 72 --spin-step 3 -S crossed
       P        C    delta       lq      std      llq      std      blq      std      ffq      std     iffq      std    biffq      std 
       0       72      -72    16.34     0.25    17.95     0.08    23.00     0.02    17.81     0.04    22.76     0.07    22.82     0.07 
       3       69      -66    16.57     0.27    18.28     0.05    23.49     0.03    18.05     0.05    23.20     0.10    23.23     0.13 
       6       66      -60    16.70     0.23    18.47     0.24    23.95     0.04    18.33     0.03    23.55     0.09    23.68     0.17 
       9       63      -54    16.93     0.13    18.79     0.17    24.49     0.05    18.55     0.04    24.13     0.09    24.15     0.17 
      12       60      -48    16.99     0.11    18.95     0.28    25.00     0.04    18.79     0.03    24.51     0.17    24.66     0.18 
      15       57      -42    17.09     0.18    19.02     0.42    25.57     0.02    19.00     0.05    25.05     0.13    25.27     0.22 
      18       54      -36    17.37     0.27    19.29     0.55    26.11     0.03    19.20     0.04    25.60     0.16    25.68     0.16 
      21       51      -30    17.62     0.38    19.28     0.50    26.71     0.03    19.40     0.11    26.22     0.11    26.29     0.15 
      24       48      -24    18.26     0.31    19.56     0.52    27.31     0.04    19.72     0.06    26.92     0.07    26.97     0.09 
      27       45      -18    21.87     0.14    20.29     0.37    32.15     0.02    20.66     0.04    30.74     0.02    30.85     0.14 
      30       42      -12    21.29     0.87    23.74     0.09    34.21     0.02    21.87     0.06    32.33     0.05    32.51     0.06 
      33       39       -6    21.29     0.25    24.25     0.16    38.83     0.02    22.51     0.05    32.09     0.02    40.54     0.09 
      36       36        0    21.76     2.28    38.76     0.41    40.75     0.04    23.25     0.12    31.35     0.03    38.83     0.09 
      39       33        6    25.60     2.38    42.18     0.28    42.67     0.05    35.00     0.02    26.63     0.02    37.74     0.07 
      42       30       12    26.92     0.93    32.49     0.15    33.81     0.01    32.58     0.03    26.03     0.01    32.96     0.01 
      45       27       18    25.96     1.51    31.37     0.14    32.13     0.01    31.74     0.01    25.43     0.01    31.67     0.06 
      48       24       24    26.04     1.20    30.44     0.13    31.26     0.02    29.73     0.06    24.86     0.03    30.81     0.04 
      51       21       30    26.45     0.88    29.43     0.47    30.44     0.01    29.01     0.06    24.35     0.02    29.94     0.06 
      54       18       36    25.40     0.68    28.71     0.08    29.66     0.01    26.92     2.78    23.82     0.03    29.13     0.03 
      57       15       42    25.08     0.74    27.97     0.10    28.92     0.01    27.85     0.03    23.33     0.04    28.36     0.02 
      60       12       48    24.94     0.70    27.14     0.05    28.22     0.02    27.32     0.05    22.91     0.02    27.63     0.01 
      63        9       54    24.22     0.59    26.38     0.12    27.56     0.02    26.86     0.03    22.46     0.03    26.94     0.02 
      66        6       60    23.67     0.45    25.81     0.10    26.92     0.01    26.34     0.02    22.06     0.02    26.27     0.01 
      69        3       66    23.51     0.60    25.23     0.17    26.30     0.03    25.66     0.01    21.66     0.01    25.65     0.02 
      72        0       72    22.88     0.62    24.56     0.18    25.73     0.01    24.87     0.02    21.27     0.02    25.10     0.02 
