./run-tests.py -M --spin-min 0 --spin-max 72 --spin-step 3 -S ctriangle
       P        C    delta       lq      std      llq      std      blq      std      ffq      std     iffq      std    biffq      std 
       0        0        0    35.58     0.89    35.82     1.28    48.11     0.11    28.62     0.14    30.25     0.15    50.49     0.10 
       0        3       -3    35.13     1.31    37.28     1.01    48.57     0.11    28.66     0.08    30.83     0.20    50.47     0.12 
       0        6       -6    35.32     0.74    36.21     0.98    49.15     0.15    28.44     0.08    30.45     0.19    50.41     0.20 
       0        9       -9    37.55     3.12    37.50     0.92    49.59     0.14    28.46     0.14    30.59     0.23    50.54     0.15 
       0       12      -12    35.19     0.83    37.55     1.05    49.83     0.15    28.39     0.10    30.87     0.23    50.49     0.22 
       0       15      -15    31.34     0.28    39.51     1.07    50.32     0.13    28.82     0.10    31.50     0.30    50.37     0.09 
       0       18      -18    29.78     0.15    40.06     0.88    50.84     0.11    29.30     0.11    32.64     0.45    50.37     0.17 
       0       21      -21    28.23     0.37    43.90     0.69    51.41     0.20    32.05     3.64    34.12     0.95    50.46     0.30 
       0       24      -24    27.34     0.15    44.75     0.83    52.45     0.12    42.56     0.36    41.17     0.79    50.30     0.28 
       0       27      -27    26.09     0.41    42.42     4.57    52.73     0.13    42.36     2.45    45.32     1.61    50.33     0.26 
       0       30      -30    25.41     0.34    27.37     0.20    52.86     0.08    30.77     2.46    49.08     0.23    50.32     0.18 
       0       33      -33    24.57     0.28    25.46     0.19    46.11     0.02    23.16     0.08    45.38     0.26    46.30     0.40 
       0       36      -36    21.00     0.37    24.89     0.19    40.50     0.03    23.00     0.16    37.98     0.20    38.63     0.07 
       0       39      -39    21.15     0.55    24.44     0.18    38.82     0.02    22.52     0.06    39.57     0.14    40.25     0.11 
       0       42      -42    21.94     0.87    23.83     0.09    34.18     0.02    21.94     0.02    32.23     0.14    32.44     0.08 
       0       45      -45    22.03     0.17    20.08     0.28    32.15     0.01    20.73     0.09    30.69     0.08    31.33     0.67 
       0       48      -48    17.82     0.31    19.08     0.44    27.33     0.05    19.58     0.05    26.78     0.13    26.95     0.12 
       0       51      -51    17.56     0.46    18.96     0.39    26.70     0.03    19.40     0.04    26.23     0.11    26.39     0.15 
       0       54      -54    17.38     0.25    18.81     0.33    26.10     0.05    19.23     0.04    25.65     0.10    25.74     0.16 
       0       57      -57    17.12     0.15    18.77     0.26    25.52     0.04    19.06     0.03    25.07     0.16    25.20     0.16 
       0       60      -60    17.01     0.07    18.79     0.33    24.99     0.05    18.77     0.03    24.55     0.15    24.68     0.13 
       0       63      -63    16.82     0.18    18.69     0.24    24.46     0.04    18.52     0.03    24.06     0.12    24.28     0.16 
       0       66      -66    16.84     0.16    18.52     0.11    23.96     0.04    18.25     0.04    23.59     0.15    23.71     0.13 
       0       69      -69    16.55     0.25    18.24     0.03    23.48     0.02    18.03     0.05    23.06     0.12    23.26     0.11 
       0       72      -72    16.43     0.26    17.91     0.23    23.04     0.04    17.79     0.04    22.72     0.14    22.80     0.08 
