./run-tests.py --exp-type latency --spin-min 0 --spin-max 72 --spin-step 3 -S parallel
       P        C    delta       lq      std      llq      std      blq      std      ffq      std     iffq      std    biffq      std 
       0        0        0     7.29     0.15     7.12     0.16     7.16     0.11     7.67     0.02    10.35     0.22    10.19     0.19 
       3        3        0     7.17     0.15     7.17     0.09     7.12     0.14     7.67     0.03    10.36     0.16    10.24     0.14 
       6        6        0     7.28     0.15     7.19     0.11     7.12     0.10     7.68     0.02    10.22     0.22    10.24     0.12 
       9        9        0     7.28     0.15     7.08     0.19     7.17     0.11     7.68     0.04    10.27     0.20    10.31     0.19 
      12       12        0     7.16     0.17     7.15     0.11     7.08     0.15     7.69     0.02    10.31     0.17    10.23     0.18 
      15       15        0     7.17     0.15     7.13     0.13     7.15     0.12     7.68     0.03    10.20     0.12    10.26     0.25 
      18       18        0     7.21     0.14     7.16     0.14     7.10     0.15     7.66     0.02    10.29     0.13    10.24     0.13 
      21       21        0     7.20     0.10     7.12     0.14     7.19     0.05     7.67     0.02    10.14     0.25    10.26     0.19 
      24       24        0     7.24     0.14     7.11     0.13     7.18     0.08     7.67     0.02    10.18     0.23    10.23     0.15 
      27       27        0     7.31     0.05     7.18     0.11     7.13     0.13     7.67     0.03    10.22     0.20    10.38     0.17 
      30       30        0     7.21     0.17     7.07     0.14     7.12     0.13     7.69     0.03    10.14     0.23    10.21     0.20 
      33       33        0     7.25     0.16     7.09     0.15     7.14     0.16     7.68     0.03    10.16     0.21    10.26     0.22 
      36       36        0     7.21     0.14     7.18     0.13     7.06     0.14     7.66     0.03    10.30     0.25    10.37     0.22 
      39       39        0     7.29     0.11     7.14     0.12     7.19     0.09     7.67     0.03    10.18     0.15    10.19     0.13 
      42       42        0     7.27     0.14     7.17     0.09     7.13     0.12     7.68     0.03    10.23     0.16    10.21     0.10 
      45       45        0     7.26     0.11     7.16     0.13     7.10     0.15     7.68     0.02    10.18     0.23    10.23     0.22 
      48       48        0     7.21     0.13     7.13     0.13     7.16     0.13     7.68     0.02    10.12     0.19    10.16     0.22 
      51       51        0     7.20     0.15     7.11     0.12     7.12     0.14     7.66     0.03    10.02     0.19    10.22     0.14 
      54       54        0     7.30     0.11     7.15     0.10     7.10     0.12     7.69     0.02    10.27     0.14    10.29     0.16 
      57       57        0     7.30     0.15     7.09     0.14     7.08     0.17     7.68     0.02    10.21     0.19    10.20     0.20 
      60       60        0     7.18     0.15     7.11     0.12     7.16     0.14     7.69     0.02    10.21     0.21    10.35     0.13 
      63       63        0     7.17     0.14     7.17     0.12     7.13     0.12     7.68     0.03    10.25     0.13    10.23     0.21 
      66       66        0     7.26     0.17     7.07     0.12     7.10     0.14     7.68     0.05    10.20     0.23    10.20     0.21 
      69       69        0     7.26     0.11     7.12     0.10     7.15     0.09     7.68     0.02    10.24     0.22    10.17     0.21 
      72       72        0     7.22     0.17     7.17     0.08     7.13     0.15     7.67     0.02    10.25     0.21    10.24     0.24 
