./run-tests.py --exp-type latency --spin-min 0 --spin-max 72 --spin-step 3 -S ptriangle
       P        C    delta       lq      std      llq      std      blq      std      ffq      std     iffq      std    biffq      std 
       0        0        0     7.30     0.11     7.21     0.04     7.18     0.11     7.68     0.03    10.18     0.28    10.05     0.21 
       3        0        3     7.29     0.05     7.16     0.12     7.18     0.11     7.65     0.03    10.25     0.18    10.30     0.21 
       6        0        6     7.22     0.13     7.16     0.12     7.18     0.07     7.65     0.04    10.27     0.23    10.17     0.24 
       9        0        9     7.28     0.15     7.18     0.11     7.10     0.13     7.68     0.02    10.13     0.21    10.16     0.16 
      12        0       12     7.33     0.11     7.17     0.12     7.14     0.12     7.67     0.02    10.22     0.22    10.23     0.28 
      15        0       15     7.25     0.15     7.14     0.16     7.16     0.12     7.68     0.03    10.19     0.21    10.28     0.24 
      18        0       18     7.34     0.10     7.08     0.17     7.16     0.15     7.67     0.04    10.31     0.18    10.11     0.17 
      21        0       21     7.25     0.16     7.18     0.10     7.13     0.13     7.68     0.04    10.32     0.28    10.19     0.29 
      24        0       24     7.23     0.18     7.13     0.13     7.19     0.08     7.67     0.04    10.16     0.17    10.23     0.21 
      27        0       27     7.23     0.15     7.14     0.14     7.19     0.10     7.67     0.03    10.31     0.17    10.24     0.21 
      30        0       30     7.29     0.15     7.15     0.15     7.14     0.11     7.67     0.03    10.20     0.16    10.27     0.21 
      33        0       33     7.30     0.14     7.15     0.14     7.14     0.11     7.67     0.04    10.42     0.14    10.38     0.19 
      36        0       36     7.17     0.17     7.14     0.13     7.08     0.11     7.69     0.02    10.14     0.24    10.16     0.28 
      39        0       39     7.19     0.14     7.15     0.12     7.12     0.10     7.67     0.02    10.32     0.20    10.29     0.18 
      42        0       42     7.29     0.13     7.05     0.15     7.15     0.13     7.68     0.03    10.13     0.22    10.30     0.19 
      45        0       45     7.25     0.15     7.19     0.09     7.16     0.13     7.68     0.03    10.23     0.24    10.16     0.27 
      48        0       48     7.28     0.10     7.14     0.14     7.17     0.14     7.68     0.04    10.32     0.33    10.15     0.24 
      51        0       51     7.20     0.15     7.11     0.15     7.15     0.13     7.65     0.04    10.18     0.28    10.26     0.17 
      54        0       54     7.24     0.15     7.17     0.11     7.14     0.12     7.67     0.03    10.15     0.26    10.38     0.18 
      57        0       57     7.34     0.07     7.17     0.09     7.13     0.13     7.66     0.03    10.19     0.17    10.22     0.20 
      60        0       60     7.33     0.13     7.15     0.12     7.14     0.13     7.69     0.03    10.21     0.17    10.29     0.26 
      63        0       63     7.28     0.13     7.11     0.13     7.15     0.10     7.69     0.03    10.20     0.19    10.24     0.18 
      66        0       66     7.35     0.15     7.11     0.14     7.07     0.13     7.67     0.02    10.14     0.20    10.26     0.25 
      69        0       69     7.23     0.19     7.13     0.17     7.14     0.12     7.68     0.02    10.15     0.16    10.34     0.13 
      72        0       72     7.34     0.11     7.20     0.04     7.16     0.10     7.66     0.03    10.16     0.17    10.29     0.19 
