./run-tests.py --trials 10 --spin-min 5 --num-points 30 -S ptriangle
       P        C    delta       lq      std      llq      std      blq      std      ffq      std     iffq      std    biffq      std 
       5        5        0    30.48     1.96    43.76     1.57    62.31     0.14    49.63     2.50    55.46     0.68    57.52     1.01 
       6        5        1    31.09     1.72    44.38     2.29    62.29     0.13    50.86     2.50    55.25     0.60    57.35     0.71 
       7        5        2    30.16     1.84    43.30     1.90    62.24     0.14    50.04     2.67    55.64     0.92    57.20     0.52 
       8        5        3    31.75     1.39    42.54     1.39    60.78     0.67    41.89     2.37    55.35     0.71    57.58     0.37 
       9        5        4    29.31     0.97    36.67     0.97    42.67     0.18    31.73     0.40    40.57     0.43    40.73     0.16 
      10        5        5    29.16     0.92    35.77     1.73    42.70     0.14    31.72     0.39    40.71     0.47    40.68     0.18 
      11        5        6    28.83     0.94    35.60     1.67    42.65     0.16    31.29     0.52    40.46     0.38    40.69     0.14 
      12        5        7    28.68     0.64    35.89     1.36    42.66     0.10    31.46     0.42    40.32     0.43    40.65     0.25 
      13        5        8    28.00     2.36    35.18     1.65    42.63     0.14    31.43     0.44    40.33     0.32    40.61     0.20 
      14        5        9    28.76     0.55    34.74     1.18    42.65     0.11    31.08     0.60    40.26     0.55    40.66     0.13 
      15        5       10    27.88     2.46    34.84     0.98    42.68     0.16    31.20     0.56    40.35     0.51    40.68     0.20 
      16        5       11    28.36     0.65    30.58     0.26    32.44     0.12    29.71     0.27    31.94     0.06    31.49     0.04 
      18        5       13    27.24     0.33    28.71     0.31    32.20     0.06    28.48     0.25    31.42     0.20    31.29     0.07 
      20        5       15    26.40     0.31    27.34     0.41    32.07     0.02    27.47     0.17    31.13     0.21    31.21     0.06 
      22        5       17    25.86     0.37    26.75     0.66    32.05     0.05    27.24     0.28    31.00     0.22    31.16     0.04 
      24        5       19    23.71     0.25    23.54     0.68    30.42     0.18    24.59     0.23    26.87     0.25    29.60     0.14 
      26        5       21    23.23     0.39    21.86     0.12    25.80     0.08    23.32     0.10    25.10     0.16    25.28     0.03 
      28        5       23    22.17     0.37    21.38     0.64    25.68     0.02    22.55     0.17    24.82     0.21    25.23     0.06 
      30        5       25    21.70     0.35    20.59     0.60    25.68     0.03    22.20     0.33    24.67     0.20    25.16     0.05 
      32        5       27    20.07     0.35    19.17     0.46    21.51     0.02    20.63     0.11    21.41     0.03    21.15     0.01 
      34        5       29    19.90     0.32    18.53     0.18    21.49     0.04    20.36     0.09    21.35     0.03    21.13     0.03 
      44        5       39    16.62     0.19    16.57     0.57    18.36     0.01    17.69     0.03    17.87     0.27    18.11     0.03 
      54        5       49    14.61     0.27    13.46     0.21    16.08     0.02    15.39     0.09    15.25     0.51    15.83     0.15 
      64        5       59    12.68     0.09    12.44     0.38    12.90     0.02    12.69     0.07    12.61     0.04    12.80     0.01 
      84        5       79    10.14     0.05    10.18     0.08    10.72     0.01    10.19     0.04    10.58     0.05    10.67     0.00 
     104        5       99     8.71     0.12     8.45     0.03     8.60     0.00     8.54     0.02     8.56     0.06     8.56     0.00 
     124        5      119     7.31     0.08     7.25     0.13     7.18     0.00     7.25     0.02     7.26     0.07     7.15     0.00 
     144        5      139     6.42     0.08     6.37     0.02     6.45     0.00     6.39     0.02     6.39     0.03     6.43     0.00 
     174        5      169     5.40     0.04     5.30     0.01     5.38     0.00     5.30     0.02     5.34     0.02     5.37     0.00 
     209        5      204     4.49     0.03     4.49     0.04     4.59     0.00     4.50     0.01     4.53     0.01     4.49     0.02 
