./run-tests.py --trials 10 --spin-min 5 --num-points 30 -S ctriangle
       P        C    delta       lq      std      llq      std      blq      std      ffq      std     iffq      std    biffq      std 
       5        5        0    31.07     1.84    44.09     1.75    62.25     0.13    48.97     1.25    55.80     1.11    57.70     0.70 
       5        6       -1    31.30     1.70    43.54     1.66    62.32     0.12    49.38     2.82    56.02     0.82    57.22     0.85 
       5        7       -2    30.40     3.53    43.50     1.67    62.25     0.11    51.51     2.65    55.78     0.76    57.45     0.80 
       5        8       -3    31.57     0.66    42.88     1.16    61.37     0.19    46.59     1.22    53.68     1.17    56.76     1.01 
       5        9       -4    29.63     1.94    30.21     2.09    41.71     0.10    32.68     0.15    39.63     0.23    40.23     0.23 
       5       10       -5    29.32     1.88    29.76     2.45    41.64     0.14    32.61     0.23    39.92     0.27    40.25     0.23 
       5       11       -6    29.07     3.04    29.84     2.07    41.69     0.11    32.47     0.14    39.90     0.35    40.07     0.21 
       5       12       -7    27.24     3.01    30.37     0.57    41.70     0.12    32.35     0.17    39.67     0.36    40.27     0.27 
       5       13       -8    26.99     1.24    30.21     0.62    41.74     0.10    32.30     0.18    39.67     0.21    40.19     0.28 
       5       14       -9    29.41     1.94    30.15     0.78    41.68     0.15    32.19     0.47    39.94     0.24    40.10     0.29 
       5       15      -10    26.27     0.38    29.89     0.67    41.66     0.14    32.14     0.21    39.92     0.21    40.31     0.25 
       5       16      -11    26.42     0.66    26.81     2.49    32.02     0.08    30.11     0.23    31.18     0.06    31.29     0.03 
       5       18      -13    25.22     0.34    27.02     0.23    31.79     0.03    28.56     0.10    30.94     0.08    31.21     0.10 
       5       20      -15    25.14     0.19    25.94     0.24    31.54     0.06    27.62     0.19    30.71     0.16    31.03     0.09 
       5       22      -17    24.36     0.47    25.01     0.22    31.51     0.05    27.14     0.27    30.80     0.23    30.91     0.13 
       5       24      -19    22.13     0.23    22.74     0.68    28.65     0.08    24.88     0.13    26.79     0.18    27.10     0.29 
       5       26      -21    21.48     0.26    22.17     0.20    25.62     0.01    23.33     0.16    25.10     0.12    25.18     0.07 
       5       28      -23    20.62     0.38    21.47     0.12    25.47     0.04    22.80     0.09    24.85     0.10    24.99     0.07 
       5       30      -25    20.22     0.27    20.95     0.27    25.45     0.05    22.40     0.11    24.68     0.21    24.93     0.19 
       5       32      -27    19.12     0.13    20.01     0.12    21.38     0.01    20.83     0.12    20.94     0.07    20.93     0.07 
       5       34      -29    18.37     0.24    19.50     0.13    21.34     0.01    20.49     0.11    20.90     0.06    20.94     0.06 
       5       44      -39    15.40     0.36    16.71     0.23    18.24     0.02    17.50     0.06    17.93     0.09    17.94     0.09 
       5       54      -49    13.75     0.36    13.93     0.25    15.90     0.21    14.94     0.44    15.69     0.08    15.38     0.59 
       5       64      -59    12.09     0.05    12.15     0.06    12.87     0.00    12.69     0.04    12.73     0.00    12.75     0.01 
       5       84      -79    10.03     0.02    10.05     0.06    10.68     0.00    10.18     0.04    10.57     0.02    10.58     0.01 
       5      104      -99     8.45     0.02     8.38     0.05     8.60     0.00     8.48     0.03     8.52     0.01     8.52     0.00 
       5      124     -119     7.12     0.02     7.07     0.02     7.17     0.00     7.22     0.02     7.13     0.00     7.13     0.00 
       5      144     -139     6.30     0.01     6.24     0.01     6.45     0.00     6.29     0.01     6.40     0.00     6.40     0.00 
       5      174     -169     5.30     0.00     5.23     0.01     5.38     0.00     5.32     0.02     5.35     0.00     5.35     0.00 
       5      209     -204     4.47     0.01     4.43     0.00     4.57     0.00     4.47     0.00     4.45     0.00     4.45     0.00 
