./run-tests.py --trials 10 -M --spin-min 5 --num-points 30 -S ptriangle
       P        C    delta       lq      std      llq      std      blq      std      ffq      std     iffq      std    biffq      std 
       5        5        0    19.03     0.72    20.11     0.66    30.01     0.05    21.11     0.04    30.62     0.07    30.62     0.06 
       6        5        1    19.23     0.24    19.86     0.39    30.00     0.06    21.19     0.19    30.63     0.05    30.58     0.07 
       7        5        2    19.19     0.25    20.12     0.57    29.92     0.22    21.11     0.05    30.59     0.06    30.57     0.08 
       8        5        3    19.08     0.29    19.94     0.33    30.01     0.06    21.06     0.05    30.63     0.08    30.60     0.06 
       9        5        4    18.98     0.22    19.97     0.43    29.97     0.07    21.09     0.29    30.57     0.07    30.77     0.08 
      10        5        5    19.04     0.26    19.99     0.42    30.01     0.05    21.04     0.05    30.53     0.06    30.74     0.09 
      11        5        6    18.85     0.67    19.95     0.42    30.00     0.08    21.04     0.03    30.53     0.06    30.74     0.10 
      12        5        7    18.88     0.47    19.80     0.14    29.98     0.05    21.04     0.07    30.56     0.07    30.74     0.09 
      13        5        8    19.07     0.26    20.22     0.46    29.98     0.07    21.08     0.07    30.52     0.05    30.74     0.11 
      14        5        9    18.91     0.52    19.92     0.38    29.96     0.06    21.13     0.26    30.57     0.08    30.71     0.10 
      15        5       10    18.98     0.22    20.19     0.56    29.98     0.05    21.05     0.05    30.54     0.06    30.77     0.05 
      16        5       11    19.13     0.30    19.96     0.37    29.98     0.05    21.00     0.03    30.66     0.05    30.96     0.07 
      18        5       13    20.29     3.13    20.44     0.63    29.97     0.06    20.94     0.03    30.63     0.07    30.95     0.05 
      20        5       15    20.83     3.36    20.55     0.42    29.94     0.02    20.92     0.04    30.65     0.05    30.94     0.07 
      22        5       17    23.71     3.46    21.43     0.82    29.94     0.07    21.04     0.30    30.69     0.08    30.96     0.06 
      24        5       19    23.43     0.39    25.61     0.17    30.38     0.10    25.33     0.03    27.37     0.03    28.77     0.14 
      26        5       21    22.68     0.67    24.12     0.25    25.76     0.01    24.65     0.01    25.63     0.02    25.03     0.02 
      28        5       23    21.37     0.48    23.76     0.17    25.74     0.01    24.36     0.01    25.55     0.05    24.99     0.02 
      30        5       25    20.97     0.46    23.53     0.27    25.74     0.01    24.13     0.08    25.49     0.05    24.99     0.02 
      32        5       27    19.83     0.44    20.72     0.19    21.49     0.00    20.68     0.33    21.36     0.02    20.98     0.01 
      34        5       29    19.73     0.34    19.92     0.17    21.48     0.02    20.21     0.16    21.32     0.04    20.95     0.01 
      44        5       39    16.54     0.12    16.76     0.15    18.39     0.01    17.44     0.01    18.18     0.03    18.01     0.01 
      54        5       49    14.56     0.26    14.09     0.52    15.52     0.75    14.93     0.46    15.90     0.04    15.50     0.39 
      64        5       59    12.48     0.15    11.65     0.06    12.90     0.00    12.89     0.01    12.72     0.04    12.74     0.00 
      84        5       79    10.02     0.20     9.83     0.09    10.75     0.00    10.23     0.01    10.63     0.05    10.62     0.01 
     104        5       99     8.58     0.14     8.42     0.05     8.61     0.00     8.53     0.01     8.58     0.05     8.53     0.00 
     124        5      119     7.25     0.11     7.32     0.14     7.18     0.00     7.31     0.01     7.23     0.03     7.13     0.00 
     144        5      139     6.47     0.08     6.36     0.01     6.46     0.00     6.38     0.01     6.42     0.01     6.41     0.00 
     174        5      169     5.42     0.07     5.34     0.04     5.39     0.00     5.30     0.01     5.37     0.01     5.35     0.00 
     209        5      204     4.52     0.01     4.48     0.04     4.45     0.00     4.51     0.00     4.47     0.01     4.50     0.01 
