./run-tests.py --trials 10 -M --spin-min 5 --num-points 30 -S ctriangle
       P        C    delta       lq      std      llq      std      blq      std      ffq      std     iffq      std    biffq      std 
       5        5        0    18.97     0.52    20.05     0.46    30.05     0.05    21.16     0.04    30.65     0.08    30.58     0.06 
       5        6       -1    18.94     0.77    20.01     0.49    29.98     0.07    21.12     0.05    30.62     0.05    30.55     0.06 
       5        7       -2    19.19     0.16    20.00     0.44    29.99     0.05    21.12     0.06    30.64     0.06    30.57     0.08 
       5        8       -3    19.13     0.30    19.85     0.19    30.02     0.11    21.11     0.04    30.64     0.07    30.61     0.06 
       5        9       -4    18.98     0.33    20.15     0.50    29.99     0.06    21.12     0.06    30.66     0.05    30.61     0.08 
       5       10       -5    19.14     0.21    19.97     0.32    29.99     0.04    21.13     0.04    30.66     0.05    30.57     0.09 
       5       11       -6    18.99     0.17    20.09     0.54    29.98     0.05    21.14     0.05    30.59     0.04    30.58     0.06 
       5       12       -7    19.10     0.26    19.82     0.15    29.93     0.04    21.13     0.06    30.57     0.06    30.55     0.08 
       5       13       -8    19.11     0.29    19.87     0.38    29.98     0.03    21.11     0.07    30.54     0.07    30.59     0.06 
       5       14       -9    19.15     0.28    19.95     0.49    29.96     0.05    21.10     0.05    30.58     0.05    30.57     0.05 
       5       15      -10    19.10     0.26    20.03     0.58    29.96     0.04    21.11     0.05    30.58     0.03    30.55     0.07 
       5       16      -11    19.28     0.16    19.96     0.51    29.95     0.03    21.08     0.03    30.54     0.07    30.47     0.08 
       5       18      -13    19.10     0.27    19.99     0.46    29.97     0.04    21.10     0.05    30.52     0.08    30.46     0.09 
       5       20      -15    19.16     0.32    19.87     0.50    29.96     0.05    21.02     0.05    28.94     0.20    29.35     0.11 
       5       22      -17    19.20     0.19    20.10     0.48    29.03     0.78    20.92     0.05    28.00     0.52    28.31     0.37 
       5       24      -19    18.55     0.25    19.72     0.45    27.27     0.17    20.83     0.12    25.63     0.12    25.64     0.17 
       5       26      -21    18.38     0.30    19.74     0.39    24.77     0.05    20.53     0.03    23.95     0.07    24.04     0.08 
       5       28      -23    17.49     0.31    19.48     0.30    23.97     0.04    20.01     0.03    23.69     0.05    23.75     0.04 
       5       30      -25    17.22     0.32    19.28     0.27    23.23     0.41    19.67     0.08    22.78     0.15    22.94     0.18 
       5       32      -27    16.94     0.33    19.30     0.33    22.33     0.06    19.44     0.03    21.69     0.10    21.68     0.11 
       5       34      -29    16.71     0.23    18.82     0.06    20.65     0.04    19.15     0.04    20.05     0.05    20.06     0.04 
       5       44      -39    15.26     0.38    16.55     0.02    17.47     0.01    16.39     0.01    17.34     0.02    17.34     0.02 
       5       54      -49    13.59     0.05    14.26     0.04    14.80     0.10    14.33     0.04    14.76     0.04    14.70     0.12 
       5       64      -59    12.05     0.03    12.32     0.04    12.76     0.02    12.65     0.02    12.59     0.01    12.60     0.01 
       5       84      -79     9.91     0.03     9.90     0.03    10.21     0.02    10.12     0.01    10.11     0.02    10.13     0.03 
       5      104      -99     8.40     0.04     8.35     0.02     8.39     0.00     8.44     0.01     8.30     0.01     8.30     0.01 
       5      124     -119     7.14     0.01     7.12     0.01     7.20     0.01     7.20     0.01     7.14     0.01     7.15     0.02 
       5      144     -139     6.28     0.01     6.24     0.01     6.35     0.00     6.27     0.00     6.31     0.00     6.31     0.01 
       5      174     -169     5.25     0.01     5.24     0.01     5.29     0.00     5.26     0.01     5.26     0.01     5.27     0.01 
       5      209     -204     4.42     0.00     4.43     0.00     4.50     0.00     4.42     0.00     4.47     0.00     4.48     0.00 
