./run-tests.py --spin-min 0 --spin-max 72 --spin-step 3
       P        C    delta       lq      std      llq      std      blq      std      ffq      std     iffq      std    biffq      std
       0        0        0    78.59    27.28   197.93    41.34   658.27     8.01   163.77    20.60   283.17    19.66   333.43    28.89
       3        3        0    96.60     7.02   220.49    29.37   319.38     0.83   169.90    10.62   217.30    13.35   237.10     9.38
       6        6        0    75.77     2.58   135.24     3.03   171.27     0.29   116.38     6.55   152.83     7.76   185.43     7.45
       9        9        0    62.55     4.38    96.85     2.22   120.11     0.13    85.49     3.61   106.24     3.57   144.33     3.81
      12       12        0    53.47     2.19    74.77     3.35    92.05     0.06    68.98     2.84    85.45     3.35   102.89     1.62
      15       15        0    46.35     1.78    57.41     4.86    74.53     0.03    60.68     1.14    69.70     1.06    86.99     2.09
      18       18        0    43.57     2.63    48.50     3.53    62.58     0.05    53.70     0.47    59.79     1.13    75.88     1.48
      21       21        0    40.89     2.56    42.55     0.88    53.79     0.36    46.55     0.26    50.77     2.81    64.65     4.72
      24       24        0    38.01     0.91    36.30     0.66    47.35     0.01    40.98     0.19    45.64     0.54    59.87     0.66
      27       27        0    35.10     1.26    31.64     1.00    42.20     0.01    36.78     0.14    41.26     0.23    54.82     0.62
      30       30        0    33.88     1.25    30.32     0.99    37.85     0.07    33.62     0.17    37.47     0.12    50.91     0.34
      33       33        0    30.15     1.81    27.97     0.30    31.24     0.01    30.44     0.07    30.54     0.06    46.80     0.16
      36       36        0    25.81     3.22    26.97     1.23    30.46     0.01    28.31     0.17    31.38     0.09    37.41     0.09
      39       39        0    28.88     0.84    24.25     0.58    29.09     0.00    26.32     0.06    28.89     0.04    40.39     0.16
      42       42        0    24.25     2.28    23.72     0.20    28.39     0.00    25.76     0.03    28.19     0.03    32.77     0.03
      45       45        0    26.06     1.44    23.16     0.65    27.71     0.00    25.14     0.05    27.54     0.02    31.00     0.03
      48       48        0    26.93     0.93    22.61     0.15    27.07     0.00    24.17     0.16    26.88     0.06    30.18     0.02
      51       51        0    25.43     1.19    22.07     0.11    26.45     0.00    23.61     0.18    26.27     0.04    29.43     0.02
      54       54        0    25.31     1.52    21.58     0.07    25.86     0.00    23.00     0.20    25.71     0.03    28.72     0.03
      57       57        0    24.93     2.00    21.05     0.16    25.30     0.00    22.61     0.14    25.14     0.04    28.03     0.02
      60       60        0    23.98     1.81    20.69     0.06    24.76     0.00    21.88     0.29    24.64     0.02    27.38     0.02
      63       63        0    22.91     2.13    20.32     0.10    24.24     0.00    21.56     0.22    24.12     0.02    26.64     0.05
      66       66        0    22.82     1.91    19.94     0.10    23.75     0.00    21.18     0.28    23.64     0.02    25.50     0.01
      69       69        0    21.68     1.78    19.73     0.11    23.28     0.00    20.67     0.32    23.15     0.03    24.52     0.25
      72       72        0    22.57     1.46    19.35     0.12    22.82     0.00    20.11     0.19    22.71     0.02    23.78     0.61

