./run-tests.py --trials 10 --spin-min 5 --num-points 30 -S ptriangle
       P        C    delta       lq      std      llq      std      blq      std      ffq      std     iffq      std    biffq      std 
       5        5        0    80.69     5.89   153.61     4.39   269.51     2.03   173.19    12.39   192.46     6.24   202.68     7.33 
       6        5        1    71.33     6.85   151.82     5.24   177.23     0.07   162.44     8.56   150.42     8.37   190.08     4.77 
       7        5        2    75.10     5.83   143.17     8.92   153.95     0.08   155.69     6.27   133.82     2.94   176.61     8.18 
       8        5        3    68.33     7.83   148.15     9.54   135.99     0.02   151.58     3.37   118.43     5.49   166.84    10.54 
       9        5        4    66.03     3.45   139.35    12.75   121.88     0.05   140.06     2.24   108.77     2.88   152.91     7.56 
      10        5        5    60.17     2.13   143.43    16.80   110.29     0.03   104.44     3.51    99.27     3.23   138.11     2.94 
      11        5        6    58.58     3.55   107.43     3.96   100.75     0.02    95.10     0.96    91.05     2.87   123.49     1.13 
      12        5        7    57.84     2.13   100.30     3.33    92.73     0.02    86.88     1.21    86.05     2.37   114.64     1.54 
      13        5        8    56.33     2.34    94.01     2.63    85.87     0.05    79.78     0.88    79.55     2.77   108.18     0.92 
      14        5        9    56.63     3.79    91.51     1.73    80.01     0.02    74.45     0.82    75.08     1.26   101.99     0.67 
      15        5       10    53.62     1.41    85.51     1.54    74.87     0.01    69.68     0.85    70.10     0.91    96.61     0.66 
      16        5       11    52.49     2.51    82.47     1.86    70.33     0.01    66.07     0.49    66.70     0.74    91.69     1.27 
      18        5       13    50.18     1.71    73.90     1.05    62.75     0.01    59.89     0.70    59.47     1.13    82.61     1.17 
      20        5       15    47.76     1.35    68.41     3.20    56.61     0.09    53.80     2.06    54.50     0.70    75.41     0.91 
      22        5       17    46.14     1.31    62.32     3.13    51.62     0.01    50.55     0.24    50.03     0.54    66.67     5.97 
      24        5       19    43.75     1.20    58.44     1.71    47.42     0.00    47.92     0.21    46.26     0.48    64.15     0.81 
      26        5       21    42.05     1.29    55.08     1.01    43.85     0.01    45.93     0.20    42.97     0.28    59.96     0.76 
      28        5       23    39.92     1.24    50.87     1.14    40.77     0.01    43.66     0.15    40.10     0.15    56.32     0.60 
      30        5       25    39.58     1.39    47.45     0.78    38.11     0.01    42.15     0.13    37.63     0.13    52.86     0.40 
      32        5       27    37.10     1.06    45.02     0.84    34.37     0.01    40.28     0.21    35.09     0.20    41.65     0.10 
      34        5       29    33.85     1.05    40.79     1.00    30.55     0.00    35.88     0.08    30.31     0.03    47.47     0.14 
      44        5       39    28.49     1.50    29.75     0.28    27.93     0.00    32.89     1.35    27.75     0.04    32.07     0.05 
      54        5       49    25.83     0.64    27.37     0.07    25.86     0.00    28.39     0.05    25.73     0.02    30.17     0.28 
      64        5       59    24.42     0.36    25.42     0.10    24.08     0.00    26.39     0.06    23.99     0.01    26.31     0.09 
      84        5       79    20.10     0.53    21.42     0.29    21.16     0.00    22.85     0.08    21.09     0.01    22.99     0.02 
     104        5       99    19.54     0.30    19.02     0.28    18.88     0.00    20.27     0.08    18.83     0.01    20.33     0.01 
     124        5      119    17.50     0.33    17.94     0.11    17.03     0.00    18.15     0.08    16.99     0.01    18.15     0.01 
     144        5      139    16.44     0.24    15.68     0.26    15.52     0.00    16.43     0.04    15.49     0.01    16.40     0.01 
     174        5      169    14.38     0.12    13.91     0.20    13.70     0.00    14.21     0.04    13.67     0.01    14.32     0.00 
     209        5      204    12.35     0.16    12.31     0.14    12.04     0.00    11.91     0.17    12.02     0.01    12.47     0.01 
