./run-tests.py --spin-min 2 --num-points 29 -S ctriangle
       P        C    delta       lq      std      llq      std      blq      std      ffq      std     iffq      std    biffq      std 
       2        2        0    27.85     3.25    61.85     0.26    62.25     0.09    59.04     0.17    60.89     0.10    60.02     0.13 
       2        3       -1    27.60     3.14    61.58     0.85    62.24     0.14    58.96     0.24    60.85     0.07    59.97     0.20 
       2        4       -2    28.66     0.27    62.04     0.11    62.24     0.16    59.13     0.26    60.85     0.19    60.00     0.15 
       2        5       -3    28.60     1.66    61.91     0.13    62.07     0.33    58.99     0.11    60.86     0.16    59.94     0.16 
       2        6       -4    28.82     0.71    51.82    16.69    62.28     0.16    58.87     0.23    60.85     0.06    59.93     0.13 
       2        7       -5    29.06     0.75    61.86     0.24    62.17     0.26    59.07     0.39    60.85     0.09    59.94     0.14 
       2        8       -6    27.59     3.05    40.13     5.44    60.10     0.65    52.61     2.15    59.25     0.18    59.47     0.27 
       2        9       -7    24.42     1.86    30.31     2.48    41.94     0.09    32.59     0.06    41.68     0.07    41.75     0.01 
       2       10       -8    24.33     2.67    30.97     0.38    41.99     0.05    32.52     0.09    41.67     0.05    41.72     0.02 
       2       11       -9    25.44     0.67    30.84     0.33    41.92     0.06    32.49     0.08    41.65     0.03    41.73     0.02 
       2       12      -10    24.86     0.06    30.75     0.33    41.95     0.07    32.46     0.06    41.69     0.07    41.71     0.04 
       2       13      -11    24.85     2.05    30.63     0.13    41.95     0.07    32.28     0.18    41.68     0.05    41.70     0.02 
       2       15      -13    26.06     1.04    30.46     0.30    41.97     0.08    31.96     0.25    41.63     0.03    41.73     0.01 
       2       17      -15    25.16     0.47    27.42     1.69    31.95     0.03    29.41     0.05    31.73     0.02    31.69     0.03 
       2       19      -17    24.86     0.71    27.08     0.21    31.83     0.02    28.57     0.03    31.66     0.02    31.66     0.03 
       2       21      -19    23.76     0.32    25.16     1.48    31.77     0.02    27.84     0.04    31.58     0.01    31.57     0.02 
       2       23      -21    23.00     1.06    25.24     0.17    31.73     0.04    27.62     0.08    31.56     0.03    31.58     0.02 
       2       25      -23    21.79     0.31    23.18     0.14    25.71     0.01    24.08     0.01    25.48     0.01    25.50     0.02 
       2       27      -25    21.03     0.58    22.48     0.11    25.60     0.02    23.59     0.02    25.42     0.01    25.41     0.00 
       2       29      -27    20.04     0.40    21.56     0.06    25.55     0.02    22.83     0.02    25.37     0.02    25.38     0.01 
       2       31      -29    19.50     0.65    21.24     0.20    25.53     0.02    22.55     0.06    25.35     0.01    25.37     0.01 
       2       41      -39    17.16     0.46    17.76     0.06    18.36     0.01    18.21     0.02    18.23     0.00    18.23     0.01 
       2       51      -49    14.75     0.24    15.17     0.02    16.00     0.01    15.35     0.02    15.93     0.00    15.94     0.01 
       2       61      -59    12.57     0.24    13.17     0.09    14.18     0.00    13.34     0.03    14.18     0.00    14.18     0.00 
       2       81      -79    10.35     0.09    10.33     0.01    10.71     0.00    10.57     0.01    10.65     0.01    10.65     0.01 
       2      101      -99     8.67     0.09     8.51     0.02     8.60     0.00     8.65     0.01     8.56     0.00     8.56     0.00 
       2      121     -119     7.38     0.04     7.31     0.01     7.57     0.00     7.40     0.02     7.55     0.00     7.55     0.00 
       2      141     -139     6.43     0.02     6.31     0.01     6.45     0.00     6.39     0.00     6.43     0.00     6.43     0.00 
       2      171     -169     5.36     0.01     5.33     0.01     5.38     0.00     5.35     0.00     5.37     0.00     5.37     0.00 
