./run-tests.py --spin-min 0 --spin-max 72 --spin-step 3 -S ctriangle
       P        C    delta       lq      std      llq      std      blq      std      ffq      std     iffq      std    biffq      std 
       0        0        0    66.53    21.44   183.47    57.49   657.96     4.52   177.63    29.91   283.14     7.47   333.42    10.98 
       0        3       -3    98.29     5.93   195.28    36.33   322.76     9.52   139.04     5.93   216.88    18.07   229.61     9.65 
       0        6       -6    80.43     4.25   130.34     4.62   167.24     0.58   115.14     3.90   181.23     7.22   194.79     5.02 
       0        9       -9    64.59     3.07    91.38     3.11   117.28     0.24    85.08     1.55   154.37     7.06   160.64     8.89 
       0       12      -12    55.09     1.31    68.60     2.36    89.95     0.12    64.18     0.55   103.22     1.34   106.92     1.97 
       0       15      -15    47.20     1.48    55.97     1.21    72.88     0.11    53.28     0.18    87.70     1.63    88.16     1.45 
       0       18      -18    42.00     1.59    45.88     1.92    61.84     0.04    47.37     0.14    76.95     1.05    78.01     0.77 
       0       21      -21    38.69     1.35    39.94     1.61    53.50     0.12    41.95     1.49    66.39     3.05    67.34     4.84 
       0       24      -24    35.85     2.44    33.44     1.81    47.11     0.02    39.30     0.27    61.15     0.62    61.46     0.63 
       0       27      -27    34.49     0.55    30.54     1.07    42.12     0.04    36.50     0.20    55.34     0.38    55.41     0.58 
       0       30      -30    32.00     0.65    28.79     1.10    37.83     0.02    33.98     0.14    50.65     0.31    50.95     0.45 
       0       33      -33    28.56     1.01    28.48     0.27    31.30     0.01    30.60     0.06    46.62     0.16    46.61     0.25 
       0       36      -36    23.91     0.86    27.74     0.37    30.48     0.00    28.41     0.15    37.53     0.03    37.58     0.09 
       0       39      -39    23.56     0.94    24.84     0.22    29.70     0.00    26.32     0.03    40.47     0.12    40.55     0.16 
       0       42      -42    22.95     0.93    23.99     0.84    28.96     0.01    25.76     0.03    32.70     0.05    32.69     0.08 
       0       45      -45    24.30     0.42    23.16     1.24    28.25     0.00    25.22     0.03    30.93     0.04    31.00     0.04 
       0       48      -48    24.45     0.73    23.04     0.17    27.45     0.02    24.46     0.03    30.13     0.04    30.16     0.06 
       0       51      -51    23.88     0.83    22.66     0.22    26.83     0.02    23.84     0.11    29.36     0.05    29.41     0.04 
       0       54      -54    23.49     0.93    22.21     0.23    26.23     0.02    23.30     0.11    28.65     0.06    28.67     0.07 
       0       57      -57    22.09     1.50    21.78     0.27    25.68     0.02    22.87     0.20    27.96     0.04    28.00     0.05 
       0       60      -60    21.09     0.82    21.53     0.28    25.15     0.01    22.30     0.24    27.34     0.04    27.36     0.02 
       0       63      -63    20.44     0.89    21.06     0.29    24.63     0.01    21.71     0.23    26.70     0.03    26.74     0.02 
       0       66      -66    20.15     0.61    20.83     0.23    24.12     0.01    21.19     0.26    26.11     0.03    26.15     0.02 
       0       69      -69    19.92     0.39    20.50     0.18    23.63     0.01    20.83     0.34    25.55     0.02    25.58     0.02 
       0       72      -72    19.64     0.38    20.17     0.22    23.16     0.00    20.07     0.50    24.99     0.02    25.04     0.02 
