./run-tests.py -M --spin-min 0 --spin-max 72 --spin-step 3 -S parallel
       P        C    delta       lq      std      llq      std      blq      std      ffq      std     iffq      std    biffq      std 
       0        0        0    36.20     0.88    35.45     1.19    48.11     0.11    28.68     0.06    30.26     0.17    50.45     0.15 
       3        3        0    35.05     1.32    36.10     1.36    48.54     0.10    28.64     0.09    30.92     0.19    50.38     0.14 
       6        6        0    35.86     0.93    37.24     1.34    49.19     0.17    28.52     0.10    30.42     0.22    50.40     0.13 
       9        9        0    36.88     4.29    38.05     1.09    49.56     0.10    28.44     0.14    30.69     0.22    50.45     0.17 
      12       12        0    34.65     0.86    38.11     1.16    49.84     0.10    28.54     0.10    30.79     0.23    50.17     0.20 
      15       15        0    30.93     0.51    38.49     1.06    50.41     0.14    28.87     0.09    31.38     0.26    50.10     0.24 
      18       18        0    29.42     0.36    40.62     0.68    50.80     0.15    29.43     0.39    32.40     0.42    50.17     0.25 
      21       21        0    27.59     0.49    43.16     0.75    51.32     0.14    32.29     2.94    33.69     0.47    49.88     0.27 
      24       24        0    26.54     1.09    43.97     0.89    52.44     0.17    41.71     2.46    41.76     1.63    50.08     0.33 
      27       27        0    25.93     0.16    45.97     1.23    52.67     0.17    44.48     0.96    41.29     0.06    50.01     0.30 
      30       30        0    25.89     2.27    41.31     6.17    52.91     0.17    32.38     4.57    37.46     0.03    50.17     0.15 
      33       33        0    24.16     1.86    28.71     0.99    46.11     0.05    43.13     0.73    32.10     0.03    47.10     0.16 
      36       36        0    22.40     2.11    38.90     0.11    40.68     0.05    23.16     0.22    31.35     0.04    38.79     0.07 
      39       39        0    22.82     3.13    24.68     0.18    38.78     0.02    35.14     0.01    26.63     0.01    37.69     0.08 
      42       42        0    22.41     2.81    27.58     3.42    33.80     0.00    32.16     0.76    26.01     0.02    32.74     0.04 
      45       45        0    21.38     0.68    20.47     0.21    32.13     0.01    20.79     0.05    25.45     0.01    31.21     0.29 
      48       48        0    17.79     0.39    19.18     0.28    27.29     0.04    19.74     0.04    24.94     0.01    27.36     0.06 
      51       51        0    17.55     0.43    18.85     0.26    26.68     0.03    19.55     0.03    24.42     0.02    26.73     0.03 
      54       54        0    17.35     0.21    18.76     0.30    26.10     0.03    19.38     0.03    23.92     0.01    26.13     0.05 
      57       57        0    16.96     0.22    18.37     0.28    25.51     0.03    19.15     0.05    23.42     0.02    25.58     0.03 
      60       60        0    16.83     0.25    18.42     0.23    24.96     0.04    18.91     0.04    22.97     0.01    25.02     0.05 
      63       63        0    16.55     0.27    18.01     0.24    24.45     0.02    18.69     0.04    22.52     0.02    24.49     0.03 
      66       66        0    16.53     0.25    17.75     0.21    23.94     0.03    18.44     0.05    22.09     0.02    23.98     0.03 
      69       69        0    16.32     0.24    17.50     0.24    23.47     0.04    18.21     0.03    21.68     0.02    23.47     0.05 
      72       72        0    16.10     0.23    17.30     0.15    23.01     0.02    17.96     0.03    21.28     0.01    23.04     0.05 
