./run-tests.py --trials 10 -M --spin-min 5 --num-points 30 -S ctriangle
       P        C    delta       lq      std      llq      std      blq      std      ffq      std     iffq      std    biffq      std 
       5        5        0    33.66     1.58    36.96     1.22    48.74     0.07    28.53     0.07    30.78     0.19    50.48     0.09 
       5        6       -1    35.83     1.15    36.66     0.95    49.19     0.17    28.50     0.10    30.47     0.27    50.28     0.15 
       5        7       -2    38.50     4.15    37.33     1.36    49.46     0.12    28.51     0.12    30.44     0.18    50.42     0.13 
       5        8       -3    36.24     4.99    37.13     1.11    49.52     0.10    28.48     0.14    30.99     0.16    50.34     0.19 
       5        9       -4    36.28     2.87    38.48     0.95    49.56     0.19    28.45     0.13    30.65     0.21    50.39     0.13 
       5       10       -5    41.33     2.68    38.39     0.93    49.68     0.09    28.38     0.12    31.01     0.12    50.37     0.16 
       5       11       -6    37.40     1.17    37.35     1.08    49.81     0.19    28.44     0.10    30.70     0.23    50.28     0.11 
       5       12       -7    35.20     0.91    37.74     1.22    49.81     0.17    28.51     0.12    30.84     0.23    50.32     0.23 
       5       13       -8    33.74     0.33    38.74     1.50    49.80     0.16    28.64     0.14    30.86     0.24    50.41     0.16 
       5       14       -9    32.19     0.43    39.04     1.24    50.17     0.20    28.75     0.09    31.40     0.24    50.29     0.20 
       5       15      -10    31.29     0.42    39.58     1.09    50.31     0.15    28.78     0.07    31.39     0.34    50.37     0.15 
       5       16      -11    30.74     0.21    39.42     1.11    50.50     0.20    29.08     0.31    31.59     0.33    50.22     0.11 
       5       18      -13    29.85     0.24    40.51     0.79    50.81     0.14    29.35     0.17    32.69     0.45    50.18     0.23 
       5       20      -15    28.38     1.64    42.21     1.14    51.27     0.17    29.95     0.18    33.77     0.28    50.48     0.22 
       5       22      -17    27.62     0.28    44.10     0.93    51.97     0.13    39.53     0.90    39.20     1.70    50.37     0.21 
       5       24      -19    27.07     0.16    44.94     0.95    52.47     0.20    42.83     0.39    41.55     0.51    50.13     0.22 
       5       26      -21    26.24     0.47    45.47     0.95    52.47     0.15    45.45     0.45    44.43     1.70    50.21     0.28 
       5       28      -23    25.86     0.21    43.73     7.37    52.76     0.16    43.10     3.57    44.99     0.45    50.45     0.19 
       5       30      -25    25.48     0.13    27.45     0.21    52.80     0.15    30.92     1.86    49.12     0.20    50.50     0.18 
       5       32      -27    24.90     0.29    26.26     0.32    50.80     0.03    24.02     0.23    46.79     0.18    47.79     0.24 
       5       34      -29    20.95     0.30    25.09     0.20    48.40     0.03    23.16     0.10    44.35     0.20    44.85     0.35 
       5       44      -39    22.24     0.26    23.07     1.59    32.45     0.02    21.45     0.04    30.95     0.04    30.96     0.13 
       5       54      -49    17.43     0.31    19.17     0.54    26.12     0.05    19.24     0.05    25.53     0.17    25.86     0.16 
       5       64      -59    16.77     0.22    18.77     0.19    24.30     0.03    18.46     0.04    23.92     0.11    24.10     0.12 
       5       84      -79    15.60     0.17    16.61     0.16    21.31     0.03    16.72     0.04    21.05     0.07    21.13     0.10 
       5      104      -99    13.98     0.14    14.33     0.18    19.00     0.02    13.83     0.06    18.81     0.07    18.86     0.09 
       5      124     -119    12.28     0.18    12.82     0.06    17.14     0.02    12.34     0.01    16.99     0.07    17.05     0.04 
       5      144     -139    11.28     0.11    11.69     0.02    15.62     0.01    11.53     0.03    15.48     0.06    15.52     0.05 
       5      174     -169    10.25     0.10    10.59     0.02    13.76     0.01    10.49     0.02    13.68     0.04    13.71     0.01 
       5      209     -204     9.24     0.08     9.59     0.06    12.10     0.01     9.50     0.02    12.01     0.02    12.04     0.03 
