./run-tests.py -M --spin-min 0 --spin-max 72 --spin-step 3 -S ptriangle
       P        C    delta       lq      std      llq      std      blq      std      ffq      std     iffq      std    biffq      std 
       0        0        0    35.46     1.10    36.04     1.32    48.13     0.10    28.71     0.08    30.11     0.09    50.48     0.10 
       3        0        3    35.29     0.98    36.47     1.43    47.99     0.10    28.57     0.11    30.30     0.15    50.47     0.12 
       6        0        6    34.90     0.99    36.12     1.27    48.01     0.13    28.66     0.09    30.33     0.19    50.51     0.10 
       9        0        9    35.82     1.09    35.85     1.34    48.11     0.25    28.65     0.12    30.30     0.19    50.51     0.14 
      12        0       12    35.33     1.13    36.13     1.30    48.02     0.10    28.66     0.09    30.27     0.12    50.52     0.12 
      15        0       15    35.88     1.13    36.63     1.19    48.02     0.16    28.66     0.12    30.32     0.17    50.47     0.17 
      18        0       18    35.34     1.11    35.84     1.45    47.96     0.08    28.68     0.07    30.27     0.11    50.56     0.17 
      21        0       21    35.31     1.46    36.37     1.34    48.03     0.11    28.73     0.08    30.29     0.16    50.48     0.15 
      24        0       24    35.94     1.38    35.73     1.34    48.02     0.18    28.76     0.06    30.25     0.09    50.54     0.11 
      27        0       27    35.51     1.10    36.57     1.33    47.90     0.09    28.74     0.11    30.22     0.08    50.41     0.13 
      30        0       30    34.93     0.74    36.32     1.47    47.93     0.09    28.75     0.08    30.25     0.16    50.40     0.13 
      33        0       33    34.05     0.46    35.62     1.44    47.89     0.09    28.71     0.05    30.25     0.15    47.75     0.02 
      36        0       36    32.70     0.95    35.58     1.07    40.95     0.01    28.68     0.09    30.25     0.12    41.04     0.02 
      39        0       39    30.28     0.87    36.09     1.27    42.60     0.04    28.69     0.07    26.57     0.02    37.75     0.03 
      42        0       42    28.02     0.58    31.53     0.27    33.78     0.01    28.67     0.07    25.96     0.04    33.03     0.01 
      45        0       45    27.17     0.77    30.70     0.22    32.12     0.02    28.65     0.07    25.43     0.03    31.68     0.02 
      48        0       48    26.63     0.77    29.98     0.11    31.22     0.04    28.62     0.06    24.89     0.02    30.77     0.02 
      51        0       51    26.20     0.71    29.23     0.17    30.41     0.01    28.51     0.15    24.37     0.03    29.92     0.01 
      54        0       54    25.64     0.59    28.48     0.15    29.62     0.04    28.40     0.07    23.89     0.02    29.13     0.01 
      57        0       57    25.22     0.59    27.79     0.17    28.90     0.01    27.69     0.04    23.41     0.02    28.36     0.01 
      60        0       60    24.83     0.57    27.08     0.16    28.20     0.01    27.32     0.02    22.94     0.02    27.65     0.01 
      63        0       63    24.40     0.56    26.41     0.21    27.53     0.01    26.88     0.03    22.50     0.02    26.97     0.01 
      66        0       66    23.56     0.68    25.78     0.22    26.87     0.04    26.30     0.01    22.06     0.02    26.32     0.01 
      69        0       69    23.05     0.45    25.11     0.17    26.29     0.01    25.57     0.02    21.66     0.02    25.69     0.02 
      72        0       72    22.94     0.55    24.45     0.15    25.73     0.01    24.87     0.01    21.27     0.02    25.10     0.02 
