./run-tests.py --trials 10 --Bp 1 --spin-min 2 --num-points 30 -S ctriangle
       P        C    delta       lq      std      llq      std      blq      std      ffq      std     iffq      std    biffq      std
       2        2        0    30.32     2.77    43.58     1.87    59.59     0.31    50.20     2.10    55.58     0.66    55.57     1.34
       2        3       -1    31.37     1.33    44.38     1.20    59.69     0.29    49.73     2.77    56.06     0.75    55.01     1.22
       2        4       -2    31.79     1.23    42.86     2.79    59.59     0.17    49.34     3.01    55.81     0.54    55.52     0.83
       2        5       -3    30.01     3.21    43.73     2.32    59.80     0.25    49.95     2.25    56.07     0.47    55.49     1.39
       2        6       -4    31.01     1.82    43.21     2.26    59.66     0.26    50.46     2.37    56.26     0.56    55.83     1.41
       2        7       -5    30.76     2.08    43.62     1.95    59.52     0.20    50.80     1.65    56.47     0.69    54.96     1.24
       2        8       -6    30.54     1.96    42.49     7.10    58.10     0.38    45.99     1.38    54.52     1.04    54.27     1.25
       2        9       -7    29.84     1.81    30.30     0.74    40.48     1.15    32.64     0.23    39.84     0.18    39.75     0.43
       2       10       -8    30.18     1.29    30.23     0.69    40.66     1.26    32.31     1.05    39.86     0.12    39.89     0.35
       2       11       -9    28.66     2.41    30.53     0.55    40.69     1.22    32.60     0.11    39.90     0.21    39.89     0.41
       2       12      -10    27.82     2.11    30.21     0.79    40.40     1.36    32.31     0.22    39.85     0.16    39.72     0.32
       2       13      -11    28.05     2.10    29.04     3.04    40.39     1.35    32.27     0.20    39.81     0.20    39.89     0.28
       2       15      -13    28.69     2.14    30.13     0.70    40.68     1.22    32.05     0.23    39.68     0.29    39.89     0.26
       2       17      -15    25.66     0.62    27.45     0.31    31.75     0.16    29.00     0.11    31.10     0.04    31.10     0.11
       2       19      -17    25.46     0.27    26.58     0.23    31.61     0.11    28.08     0.17    30.80     0.13    30.91     0.12
       2       21      -19    24.27     1.18    24.74     0.28    31.44     0.19    27.22     0.28    30.71     0.19    30.83     0.18
       2       23      -21    23.15     1.41    24.29     0.38    31.22     0.14    26.97     0.37    30.59     0.14    30.78     0.15
       2       25      -23    21.80     0.16    22.47     0.11    25.58     0.06    23.71     0.07    25.10     0.11    25.17     0.08
       2       27      -25    20.60     0.66    21.89     0.10    25.44     0.08    23.06     0.13    25.01     0.10    25.05     0.11
       2       29      -27    20.16     0.22    21.00     0.21    25.23     0.18    22.40     0.10    24.68     0.29    24.72     0.22
       2       31      -29    19.75     0.11    20.74     0.14    25.13     0.19    22.18     0.12    24.75     0.20    24.81     0.23
       2       41      -39    16.59     0.26    17.29     0.21    18.33     0.04    17.97     0.07    18.03     0.05    18.01     0.07
       2       51      -49    14.07     0.08    14.68     0.19    15.95     0.06    15.39     0.02    15.75     0.05    15.75     0.05
       2       61      -59    12.95     0.17    12.50     0.08    14.15     0.04    13.38     0.03    14.04     0.04    14.03     0.05
       2       81      -79    10.30     0.04    10.34     0.03    10.71     0.01    10.48     0.04    10.60     0.01    10.59     0.03
       2      101      -99     8.62     0.02     8.51     0.01     8.61     0.01     8.65     0.02     8.52     0.01     8.52     0.00
       2      121     -119     7.35     0.02     7.26     0.01     7.57     0.00     7.40     0.01     7.51     0.01     7.51     0.01
       2      141     -139     6.39     0.01     6.31     0.01     6.46     0.00     6.40     0.02     6.42     0.00     6.41     0.00
       2      171     -169     5.35     0.01     5.29     0.01     5.38     0.00     5.39     0.02     5.36     0.00     5.35     0.00
       2      206     -204     4.54     0.01     4.50     0.02     4.61     0.00     4.53     0.01     4.59     0.00     4.59     0.00

