./run-tests.py --exp-type latency --spin-min 0 --spin-max 72 --spin-step 3 -S crossed
       P        C    delta       lq      std      llq      std      blq      std      ffq      std     iffq      std    biffq      std 
       0       72      -72     7.28     0.11     7.19     0.07     7.09     0.17     7.68     0.03    10.29     0.16    10.19     0.20 
       3       69      -66     7.30     0.18     7.19     0.03     7.19     0.10     7.68     0.02    10.20     0.29    10.27     0.11 
       6       66      -60     7.25     0.14     7.10     0.15     7.12     0.14     7.68     0.02    10.14     0.12    10.30     0.20 
       9       63      -54     7.28     0.11     7.16     0.11     7.13     0.12     7.69     0.02    10.17     0.19    10.24     0.11 
      12       60      -48     7.32     0.08     7.07     0.15     7.12     0.14     7.69     0.02    10.16     0.23    10.25     0.21 
      15       57      -42     7.20     0.15     7.20     0.05     7.14     0.10     7.67     0.02    10.33     0.20    10.22     0.17 
      18       54      -36     7.32     0.07     7.13     0.16     7.15     0.08     7.66     0.03    10.20     0.18    10.24     0.23 
      21       51      -30     7.17     0.16     7.15     0.12     7.14     0.16     7.67     0.03    10.24     0.33    10.28     0.18 
      24       48      -24     7.26     0.15     7.16     0.13     7.21     0.02     7.67     0.04    10.26     0.12    10.31     0.16 
      27       45      -18     7.26     0.13     7.13     0.14     7.14     0.12     7.68     0.02    10.23     0.16    10.22     0.14 
      30       42      -12     7.22     0.18     7.22     0.05     7.13     0.17     7.67     0.04    10.30     0.19    10.21     0.15 
      33       39       -6     7.26     0.14     7.14     0.15     7.17     0.08     7.67     0.04    10.32     0.27    10.23     0.17 
      36       36        0     7.34     0.13     7.18     0.10     7.18     0.11     7.67     0.03    10.13     0.28    10.10     0.25 
      39       33        6     7.28     0.15     7.15     0.08     7.17     0.11     7.69     0.03    10.18     0.14    10.33     0.24 
      42       30       12     7.26     0.15     7.19     0.10     7.11     0.11     7.69     0.03    10.18     0.16    10.20     0.17 
      45       27       18     7.25     0.18     7.13     0.12     7.18     0.09     7.67     0.02    10.14     0.21    10.12     0.23 
      48       24       24     7.30     0.17     7.21     0.04     7.17     0.12     7.68     0.04    10.30     0.18    10.31     0.16 
      51       21       30     7.28     0.09     7.15     0.14     7.12     0.12     7.69     0.04    10.32     0.13    10.28     0.20 
      54       18       36     7.26     0.16     7.13     0.12     7.13     0.12     7.67     0.03    10.20     0.24    10.31     0.18 
      57       15       42     7.20     0.18     7.15     0.11     7.15     0.15     7.68     0.03    10.23     0.23    10.27     0.18 
      60       12       48     7.29     0.13     7.19     0.10     7.17     0.16     7.69     0.02    10.14     0.30    10.24     0.17 
      63        9       54     7.31     0.10     7.19     0.06     7.13     0.13     7.67     0.03    10.38     0.20    10.35     0.17 
      66        6       60     7.33     0.09     7.17     0.12     7.08     0.16     7.67     0.02    10.18     0.21    10.20     0.19 
      69        3       66     7.22     0.13     7.11     0.14     7.16     0.10     7.68     0.03    10.21     0.22    10.22     0.21 
      72        0       72     7.24     0.18     7.18     0.08     7.19     0.06     7.68     0.03    10.22     0.19    10.11     0.27 
