./run-tests.py --exp-type latency --spin-min 0 --spin-max 72 --spin-step 3 -S ctriangle
       P        C    delta       lq      std      llq      std      blq      std      ffq      std     iffq      std    biffq      std 
       0        0        0     7.34     0.10     7.16     0.08     7.20     0.08     7.70     0.02    10.28     0.20    10.20     0.17 
       0        3       -3     7.34     0.13     7.13     0.12     7.13     0.15     7.67     0.03    10.28     0.17    10.27     0.27 
       0        6       -6     7.25     0.15     7.16     0.12     7.17     0.09     7.69     0.03    10.14     0.23    10.31     0.20 
       0        9       -9     7.26     0.11     7.16     0.11     7.14     0.14     7.68     0.03    10.17     0.21    10.18     0.19 
       0       12      -12     7.26     0.12     7.15     0.11     7.21     0.04     7.67     0.03    10.18     0.22    10.29     0.18 
       0       15      -15     7.29     0.07     7.18     0.08     7.14     0.15     7.67     0.02    10.30     0.24    10.23     0.11 
       0       18      -18     7.22     0.15     7.18     0.10     7.14     0.12     7.67     0.04    10.34     0.23    10.20     0.20 
       0       21      -21     7.30     0.15     7.19     0.10     7.10     0.14     7.66     0.04    10.24     0.21    10.26     0.25 
       0       24      -24     7.28     0.15     7.13     0.14     7.07     0.15     7.68     0.03    10.23     0.25    10.16     0.16 
       0       27      -27     7.22     0.20     7.15     0.09     7.15     0.10     7.67     0.03    10.22     0.19    10.22     0.22 
       0       30      -30     7.27     0.16     7.12     0.14     7.13     0.14     7.67     0.03    10.22     0.25    10.15     0.24 
       0       33      -33     7.30     0.09     7.17     0.12     7.17     0.13     7.67     0.02    10.34     0.31    10.20     0.17 
       0       36      -36     7.22     0.20     7.12     0.13     7.19     0.10     7.68     0.03    10.34     0.26    10.43     0.22 
       0       39      -39     7.19     0.14     7.11     0.15     7.10     0.18     7.66     0.03    10.37     0.21    10.18     0.24 
       0       42      -42     7.27     0.12     7.14     0.10     7.16     0.13     7.69     0.03    10.31     0.24    10.17     0.17 
       0       45      -45     7.34     0.19     7.14     0.13     7.12     0.12     7.67     0.02    10.30     0.25    10.12     0.25 
       0       48      -48     7.32     0.10     7.15     0.15     7.16     0.11     7.67     0.03    10.21     0.18    10.41     0.21 
       0       51      -51     7.30     0.13     7.16     0.11     7.16     0.09     7.68     0.02    10.31     0.14    10.39     0.15 
       0       54      -54     7.27     0.13     7.22     0.04     7.17     0.13     7.67     0.03    10.23     0.18    10.32     0.21 
       0       57      -57     7.25     0.18     7.05     0.16     7.16     0.13     7.68     0.03    10.28     0.22    10.32     0.15 
       0       60      -60     7.29     0.12     7.11     0.17     7.18     0.10     7.68     0.02    10.30     0.23    10.23     0.30 
       0       63      -63     7.31     0.15     7.12     0.13     7.21     0.08     7.68     0.04    10.29     0.19    10.34     0.20 
       0       66      -66     7.28     0.12     7.24     0.03     7.16     0.11     7.67     0.04    10.27     0.17    10.20     0.15 
       0       69      -69     7.28     0.10     7.09     0.12     7.18     0.09     7.68     0.03    10.27     0.19    10.41     0.27 
       0       72      -72     7.23     0.15     7.15     0.16     7.13     0.11     7.68     0.02    10.25     0.21    10.24     0.24 
