./run-tests.py --duration 8 --max-trials 3 --step 10 --spin-min 0 --num-points 10 -S square
       P        C    ideal       lq      std      llq      std      blq      std      ffq      std     iffq      std    biffq      std 
       0        0  1000.00   102.41     6.88   275.00    21.84   667.06     4.26   189.49    28.33   369.52     1.65   365.85    29.50 
       0       10   100.00    26.58     0.76    30.85     0.20    42.04     0.02    32.76     0.07    41.53     0.06    41.61     0.05 
       0       20    50.00    24.30     0.16    26.80     0.19    31.79     0.02    28.28     0.01    31.45     0.02    31.50     0.01 
       0       30    33.33    19.88     0.66    21.19     0.31    25.51     0.02    22.84     0.15    25.30     0.00    25.31     0.01 
       0       40    25.00    17.28     0.62    18.13     0.15    18.34     0.01    18.39     0.02    18.13     0.01    18.12     0.01 
       0       50    20.00    14.97     0.23    15.65     0.01    16.02     0.01    15.47     0.02    15.85     0.01    15.86     0.01 
       0       60    16.67    12.86     0.15    13.38     0.15    14.10     0.01    13.52     0.05    14.10     0.01    14.11     0.00 
       0       70    14.29    11.47     0.19    11.83     0.01    12.33     0.54    11.82     0.12    12.34     0.00    12.35     0.01 
       0       80    12.50    10.41     0.11    10.63     0.02    10.73     0.00    10.66     0.00    10.63     0.00    10.61     0.02 
       0       90    11.11     9.65     0.08     9.58     0.03     9.89     0.00     9.63     0.01     9.82     0.00     9.82     0.00 
      10        0   100.00    31.81     0.22    42.28     0.14    42.80     0.04    32.98     0.01    42.48     0.09    41.17     0.04 
      10       10   100.00    26.31     0.85    41.86     0.14    42.05     0.05    42.03     0.06    41.50     0.02    41.08     0.07 
      10       20    50.00    24.44     0.29    26.90     0.07    31.78     0.01    28.28     0.01    31.47     0.01    31.52     0.01 
      10       30    33.33    19.51     0.73    21.19     0.13    25.51     0.02    22.62     0.17    25.31     0.02    25.34     0.02 
      10       40    25.00    17.19     0.40    17.88     0.08    18.37     0.00    18.36     0.02    18.17     0.00    18.14     0.01 
      10       50    20.00    15.03     0.10    15.58     0.03    16.05     0.01    15.45     0.01    15.85     0.00    15.86     0.01 
      10       60    16.67    12.82     0.20    13.47     0.13    14.11     0.01    13.44     0.02    14.10     0.00    14.11     0.01 
      10       70    14.29    11.49     0.02    11.77     0.19    12.66     0.01    11.97     0.02    12.33     0.02    11.86     0.48 
      10       80    12.50    10.46     0.02    10.57     0.01    10.73     0.00    10.64     0.01    10.62     0.00    10.63     0.00 
      10       90    11.11     9.56     0.03     9.57     0.01     9.88     0.00     9.71     0.01     9.82     0.00     9.82     0.00 
      20        0    50.00    28.77     0.00    31.40     0.07    32.17     0.03    28.05     0.04    31.91     0.02    31.04     0.03 
      20       10    50.00    28.91     0.47    31.91     0.15    32.17     0.01    28.09     0.01    31.95     0.04    31.06     0.03 
      20       20    50.00    24.35     0.56    28.67     0.47    31.76     0.01    31.93     0.02    31.49     0.03    30.95     0.02 
      20       30    33.33    19.82     0.19    20.74     0.71    25.46     0.02    22.46     0.04    25.31     0.01    25.36     0.02 
      20       40    25.00    16.88     0.22    17.77     0.04    18.36     0.00    18.31     0.01    18.15     0.01    18.13     0.00 
      20       50    20.00    14.52     0.08    15.62     0.05    16.05     0.00    15.61     0.01    15.86     0.01    15.87     0.01 
      20       60    16.67    12.57     0.36    13.41     0.12    14.12     0.00    13.50     0.02    14.10     0.01    14.12     0.01 
      20       70    14.29    11.44     0.12    11.83     0.03    12.37     0.58    11.88     0.00    12.08     0.44    12.15     0.48 
      20       80    12.50    10.36     0.13    10.60     0.03    10.74     0.00    10.65     0.01    10.62     0.00    10.64     0.01 
      20       90    11.11     9.59     0.04     9.58     0.04     9.89     0.00     9.64     0.01     9.81     0.00     9.83     0.00 
      30        0    33.33    22.85     0.97    24.97     0.19    25.73     0.02    22.86     0.03    25.53     0.02    25.05     0.03 
      30       10    33.33    21.35     1.78    24.96     0.07    25.72     0.01    22.72     0.15    25.57     0.04    25.04     0.02 
      30       20    33.33    21.19     2.26    25.25     0.02    25.74     0.01    22.78     0.03    25.59     0.03    25.07     0.01 
      30       30    33.33    19.65     0.44    23.28     0.36    25.48     0.01    25.58     0.06    25.34     0.01    25.00     0.01 
      30       40    25.00    16.91     0.06    17.57     0.04    18.35     0.01    18.32     0.01    18.15     0.02    18.13     0.01 
      30       50    20.00    13.91     0.03    15.58     0.02    16.04     0.01    15.54     0.00    15.88     0.01    15.88     0.01 
      30       60    16.67    12.34     0.05    13.50     0.10    14.12     0.00    13.48     0.02    14.09     0.00    14.12     0.00 
      30       70    14.29    11.54     0.04    11.77     0.10    12.04     0.58    11.92     0.01    12.07     0.44    12.43     0.02 
      30       80    12.50    10.61     0.16    10.59     0.01    10.74     0.00    10.64     0.01    10.62     0.00    10.64     0.00 
      30       90    11.11     9.76     0.15     9.56     0.02     9.90     0.00     9.66     0.04     9.81     0.00     9.83     0.01 
      40        0    25.00    18.23     0.17    18.22     0.05    18.43     0.01    18.22     0.03    18.40     0.01    18.10     0.00 
      40       10    25.00    18.10     0.05    18.25     0.13    18.43     0.00    18.26     0.02    18.40     0.01    18.09     0.00 
      40       20    25.00    18.32     0.30    18.27     0.10    18.43     0.00    18.26     0.05    18.40     0.00    18.11     0.01 
      40       30    25.00    18.74     0.09    18.26     0.08    18.43     0.01    18.17     0.03    18.40     0.01    18.11     0.01 
      40       40    25.00    16.77     0.20    18.17     0.43    18.38     0.01    18.34     0.06    18.11     0.01    18.08     0.00 
      40       50    20.00    13.42     0.53    15.27     0.10    16.05     0.01    15.58     0.00    15.88     0.02    15.87     0.01 
      40       60    16.67    11.90     0.45    13.47     0.06    14.11     0.00    13.52     0.00    14.10     0.01    14.12     0.00 
      40       70    14.29    11.64     0.08    11.81     0.01    12.35     0.57    11.81     0.11    12.32     0.00    12.14     0.48 
      40       80    12.50    10.74     0.14    10.57     0.01    10.74     0.00    10.65     0.01    10.62     0.00    10.63     0.00 
      40       90    11.11     9.63     0.02     9.55     0.02     9.90     0.00     9.64     0.01     9.82     0.00     9.83     0.00 
      50        0    20.00    16.16     0.40    15.93     0.10    16.11     0.00    15.56     0.02    16.10     0.01    15.85     0.00 
      50       10    20.00    15.83     0.08    15.95     0.06    16.11     0.01    15.55     0.03    16.09     0.00    15.85     0.00 
      50       20    20.00    15.99     0.26    15.92     0.10    16.12     0.00    15.56     0.01    16.11     0.01    15.86     0.01 
      50       30    20.00    16.13     0.30    15.90     0.02    16.12     0.01    15.59     0.01    16.09     0.00    15.87     0.00 
      50       40    20.00    16.29     0.42    15.80     0.10    16.12     0.00    15.50     0.01    16.10     0.01    15.87     0.00 
      50       50    20.00    13.77     0.19    16.00     0.09    16.06     0.00    15.91     0.06    15.86     0.01    15.85     0.00 
      50       60    16.67    11.68     0.07    13.28     0.05    14.14     0.01    13.54     0.01    14.10     0.00    14.12     0.01 
      50       70    14.29    11.57     0.10    11.72     0.12    12.36     0.58    11.82     0.13    12.09     0.43    12.15     0.48 
      50       80    12.50    10.68     0.12    10.58     0.01    10.74     0.00    10.65     0.00    10.62     0.00    10.64     0.01 
      50       90    11.11     9.62     0.04     9.57     0.02     9.90     0.00     9.64     0.00     9.81     0.01     9.82     0.01 
      60        0    16.67    13.63     0.11    14.12     0.07    14.32     0.00    13.65     0.02    14.30     0.00    14.11     0.01 
      60       10    16.67    13.52     0.03    14.12     0.04    14.32     0.00    13.61     0.01    14.30     0.01    14.12     0.00 
      60       20    16.67    13.56     0.06    14.13     0.05    14.33     0.00    13.59     0.01    14.29     0.01    14.12     0.00 
      60       30    16.67    13.59     0.13    14.15     0.02    14.33     0.00    13.54     0.01    14.29     0.01    14.12     0.00 
      60       40    16.67    13.43     0.16    14.09     0.04    14.33     0.00    13.51     0.01    14.30     0.00    14.13     0.00 
      60       50    16.67    13.67     0.31    14.06     0.04    14.33     0.00    13.50     0.00    14.29     0.01    14.12     0.00 
      60       60    16.67    12.25     0.94    13.77     0.17    14.14     0.00    14.18     0.13    14.11     0.00    14.11     0.00 
      60       70    14.29    11.37     0.06    11.73     0.11    12.69     0.00    11.88     0.01    12.10     0.45    11.88     0.48 
      60       80    12.50    10.66     0.10    10.58     0.01    10.74     0.00    10.66     0.00    10.61     0.03    10.64     0.00 
      60       90    11.11     9.59     0.03     9.58     0.02     9.89     0.00     9.71     0.02     9.82     0.00     9.83     0.00 
      70        0    14.29    11.80     0.01    12.53     0.04    12.81     0.01    12.02     0.17    12.75     0.00    12.29     0.60 
      70       10    14.29    11.36     0.29    12.25     0.50    12.46     0.62    11.80     0.03    12.07     0.59    12.30     0.61 
      70       20    14.29    11.63     0.21    12.29     0.52    12.82     0.00    11.99     0.19    12.75     0.01    12.65     0.01 
      70       30    14.29    11.71     0.25    12.62     0.03    12.46     0.62    11.85     0.17    12.75     0.01    12.68     0.02 
      70       40    14.29    11.84     0.06    12.28     0.54    12.46     0.62    11.90     0.01    12.41     0.59    12.66     0.02 
      70       50    14.29    11.74     0.22    12.28     0.54    12.81     0.01    11.88     0.18    12.41     0.59    12.32     0.61 
      70       60    14.29    11.76     0.26    12.29     0.55    12.82     0.01    11.82     0.20    12.41     0.59    12.32     0.60 
      70       70    14.29    12.06     0.19    12.15     0.51    12.70     0.00    12.39     0.57    12.40     0.01    12.16     0.48 
      70       80    12.50    10.52     0.06    10.60     0.02    10.74     0.00    10.61     0.01    10.61     0.01    10.64     0.00 
      70       90    11.11     9.66     0.09     9.59     0.02     9.89     0.00     9.70     0.00     9.82     0.00     9.83     0.00 
      80        0    12.50    10.63     0.24    10.67     0.04    10.76     0.00    10.76     0.02    10.76     0.00    10.64     0.00 
      80       10    12.50    10.85     0.24    10.69     0.03    10.76     0.00    10.79     0.01    10.75     0.00    10.64     0.00 
      80       20    12.50    10.65     0.38    10.66     0.02    10.76     0.00    10.77     0.03    10.76     0.00    10.65     0.00 
      80       30    12.50    10.79     0.08    10.67     0.03    10.77     0.00    10.78     0.02    10.75     0.00    10.65     0.00 
      80       40    12.50    10.51     0.07    10.65     0.01    10.76     0.00    10.78     0.03    10.76     0.00    10.65     0.00 
      80       50    12.50    10.65     0.18    10.65     0.05    10.76     0.00    10.74     0.02    10.75     0.00    10.65     0.00 
      80       60    12.50    10.73     0.10    10.69     0.03    10.76     0.00    10.74     0.00    10.76     0.00    10.65     0.00 
      80       70    12.50    10.75     0.26    10.68     0.04    10.76     0.00    10.65     0.03    10.75     0.00    10.65     0.00 
      80       80    12.50    10.48     0.02    10.68     0.10    10.76     0.00    10.52     0.03    10.63     0.01    10.60     0.01 
      80       90    11.11     9.61     0.09     9.58     0.02     9.90     0.00     9.64     0.03     9.82     0.00     9.83     0.00 
      90        0    11.11     9.71     0.23     9.89     0.02     9.93     0.00     9.64     0.01     9.91     0.00     9.83     0.00 
      90       10    11.11     9.62     0.07     9.89     0.03     9.93     0.00     9.64     0.01     9.92     0.00     9.83     0.00 
      90       20    11.11     9.83     0.21     9.88     0.02     9.93     0.00     9.63     0.00     9.92     0.00     9.83     0.00 
      90       30    11.11     9.78     0.01     9.85     0.05     9.93     0.00     9.63     0.00     9.92     0.00     9.84     0.00 
      90       40    11.11     9.70     0.14     9.89     0.01     9.93     0.00     9.64     0.00     9.92     0.00     9.83     0.00 
      90       50    11.11     9.58     0.07     9.87     0.03     9.93     0.00     9.65     0.00     9.92     0.00     9.83     0.00 
      90       60    11.11     9.61     0.10     9.90     0.01     9.93     0.00     9.64     0.01     9.92     0.00     9.83     0.00 
      90       70    11.11     9.76     0.17     9.85     0.01     9.93     0.00     9.65     0.00     9.92     0.00     9.84     0.00 
      90       80    11.11     9.88     0.03     9.87     0.03     9.93     0.00     9.62     0.00     9.92     0.00     9.84     0.00 
      90       90    11.11     9.68     0.24     9.88     0.04     9.90     0.00     9.77     0.12     9.83     0.00     9.83     0.00 
