./run-tests.py --duration 8 --max-trials 3 --step 10 --spin-min 0 --num-points 10 -S square -M
       P        C    ideal       lq      std      llq      std      blq      std      ffq      std     iffq      std    biffq      std 
       0        0  1000.00    24.62     0.41    25.65     0.34    46.13     0.26    28.05     0.14    29.42     0.08    49.85     0.23 
       0       10   100.00    22.36     2.87    18.76     0.12    28.77     0.04    21.01     0.03    28.03     0.07    28.00     0.05 
       0       20    50.00    20.67     2.96    18.52     0.31    28.88     0.04    20.78     0.04    28.02     0.10    28.10     0.12 
       0       30    33.33    17.16     0.11    18.51     0.27    23.45     0.02    19.79     0.03    23.00     0.04    23.05     0.05 
       0       40    25.00    15.99     0.06    17.43     0.07    19.39     0.07    16.67     0.02    19.07     0.08    19.04     0.04 
       0       50    20.00    13.82     0.08    15.06     0.25    15.92     0.05    14.99     0.05    15.92     0.13    15.82     0.04 
       0       60    16.67    12.04     0.14    12.40     0.11    13.61     0.03    13.16     0.02    13.49     0.02    13.50     0.03 
       0       70    14.29    11.00     0.14    11.21     0.11    12.15     0.06    11.87     0.01    12.11     0.10    12.18     0.01 
       0       80    12.50    10.03     0.03     9.99     0.16    10.83     0.05    10.57     0.02    10.80     0.01    10.81     0.02 
       0       90    11.11     9.09     0.04     8.61     0.18     9.57     0.00     9.49     0.00     9.53     0.00     9.52     0.01 
      10        0   100.00    20.48     3.07    18.71     0.16    28.88     0.07    21.37     0.13    28.00     0.07    27.97     0.08 
      10       10   100.00    18.26     0.61    18.66     0.07    28.82     0.07    20.99     0.03    28.04     0.04    27.96     0.08 
      10       20    50.00    22.02     2.62    18.96     0.31    28.84     0.06    20.80     0.02    27.99     0.08    28.02     0.08 
      10       30    33.33    17.42     0.37    18.53     0.24    23.45     0.05    19.72     0.12    22.97     0.08    22.96     0.11 
      10       40    25.00    15.98     0.05    17.58     0.09    19.35     0.13    16.67     0.00    19.19     0.01    19.12     0.06 
      10       50    20.00    13.83     0.07    15.06     0.27    15.86     0.02    15.00     0.04    15.80     0.01    15.85     0.08 
      10       60    16.67    12.03     0.14    12.44     0.03    13.62     0.01    13.16     0.00    13.50     0.02    13.51     0.03 
      10       70    14.29    11.09     0.09    11.15     0.01    12.14     0.05    11.79     0.08    12.06     0.12    12.14     0.11 
      10       80    12.50     9.92     0.01     9.96     0.16    10.83     0.01    10.58     0.02    10.81     0.02    10.82     0.01 
      10       90    11.11     8.92     0.19     8.50     0.13     9.57     0.01     9.51     0.00     9.53     0.01     9.52     0.02 
      20        0    50.00    20.23     3.45    18.74     0.03    29.68     0.03    23.11     0.51    29.00     0.06    29.04     0.08 
      20       10    50.00    18.18     0.58    19.13     0.11    29.70     0.06    21.18     0.03    28.93     0.11    29.04     0.06 
      20       20    50.00    18.50     0.54    18.63     0.50    29.61     0.03    21.01     0.02    29.06     0.10    29.13     0.09 
      20       30    33.33    17.07     0.22    18.10     0.07    23.95     0.02    19.70     0.02    23.25     0.31    23.27     0.41 
      20       40    25.00    15.90     0.25    17.48     0.21    19.28     0.12    16.71     0.01    19.06     0.05    19.29     0.02 
      20       50    20.00    13.74     0.21    15.12     0.26    15.59     0.02    14.86     0.01    15.40     0.03    15.40     0.02 
      20       60    16.67    11.89     0.09    12.52     0.10    13.78     0.00    13.08     0.02    13.69     0.01    13.75     0.03 
      20       70    14.29    10.94     0.09    11.32     0.15    12.09     0.04    11.83     0.02    12.13     0.02    12.11     0.07 
      20       80    12.50    10.02     0.03     9.96     0.14    10.81     0.04    10.52     0.00    10.74     0.02    10.70     0.02 
      20       90    11.11     9.00     0.13     8.79     0.07     9.66     0.01     9.49     0.01     9.58     0.00     9.61     0.02 
      30        0    33.33    22.46     0.87    25.45     0.02    25.59     0.02    24.76     0.06    25.44     0.04    25.04     0.00 
      30       10    33.33    22.80     1.00    25.46     0.02    25.59     0.01    24.74     0.07    25.45     0.03    25.04     0.01 
      30       20    33.33    23.38     0.03    25.44     0.03    25.60     0.00    24.74     0.05    25.40     0.07    25.04     0.00 
      30       30    33.33    17.09     0.46    18.02     0.07    23.47     0.06    19.50     0.11    23.02     0.01    22.98     0.20 
      30       40    25.00    15.93     0.15    17.32     0.09    19.31     0.03    16.82     0.00    19.21     0.06    19.30     0.09 
      30       50    20.00    13.60     0.16    15.24     0.13    15.77     0.03    14.28     0.02    15.79     0.05    15.86     0.14 
      30       60    16.67    12.18     0.31    12.56     0.02    13.68     0.02    12.65     0.03    13.50     0.02    13.52     0.02 
      30       70    14.29    11.03     0.04    11.53     0.03    12.16     0.06    11.58     0.06    11.97     0.03    12.20     0.01 
      30       80    12.50    10.10     0.09    10.41     0.01    10.84     0.01    10.46     0.00    10.79     0.01    10.80     0.02 
      30       90    11.11     9.17     0.05     9.39     0.01     9.59     0.01     9.46     0.01     9.51     0.01     9.50     0.01 
      40        0    25.00    18.47     0.14    18.35     0.02    18.44     0.01    17.82     0.06    18.35     0.00    18.07     0.00 
      40       10    25.00    18.56     0.03    18.35     0.03    18.44     0.01    17.85     0.03    18.35     0.00    18.07     0.00 
      40       20    25.00    18.46     0.16    18.36     0.02    18.44     0.01    17.86     0.08    18.35     0.00    18.07     0.00 
      40       30    25.00    18.47     0.17    18.38     0.02    18.44     0.00    17.85     0.04    18.37     0.01    18.07     0.01 
      40       40    25.00    15.70     0.28    18.46     0.00    18.44     0.01    18.22     0.03    18.36     0.00    18.08     0.00 
      40       50    20.00    13.29     0.33    15.19     0.05    15.87     0.08    14.44     0.01    15.94     0.05    15.98     0.06 
      40       60    16.67    11.75     0.26    12.82     0.02    13.63     0.02    12.39     0.00    13.50     0.02    13.51     0.02 
      40       70    14.29    11.07     0.07    11.48     0.02    12.19     0.01    11.58     0.07    12.18     0.01    12.12     0.08 
      40       80    12.50    10.14     0.01    10.44     0.00    10.82     0.01    10.46     0.02    10.81     0.01    10.81     0.03 
      40       90    11.11     9.19     0.02     9.33     0.08     9.58     0.00     9.47     0.01     9.50     0.00     9.51     0.02 
      50        0    20.00    15.87     0.38    15.99     0.02    16.14     0.00    15.41     0.01    16.08     0.02    15.85     0.00 
      50       10    20.00    16.09     0.04    15.99     0.02    16.13     0.00    15.40     0.02    16.07     0.00    15.85     0.00 
      50       20    20.00    15.92     0.36    16.01     0.02    16.14     0.00    15.41     0.01    16.07     0.00    15.85     0.00 
      50       30    20.00    15.94     0.35    15.99     0.01    16.13     0.00    15.38     0.01    16.08     0.01    15.85     0.00 
      50       40    20.00    15.99     0.31    16.01     0.02    16.13     0.00    15.36     0.03    16.07     0.00    15.85     0.00 
      50       50    20.00    13.13     0.37    15.02     0.01    15.97     0.06    15.41     0.01    15.85     0.10    15.78     0.06 
      50       60    16.67    11.81     0.58    12.93     0.07    13.62     0.01    12.41     0.01    13.50     0.03    13.48     0.02 
      50       70    14.29    11.23     0.10    11.58     0.04    12.12     0.04    11.56     0.06    12.14     0.07    12.18     0.01 
      50       80    12.50    10.13     0.01    10.41     0.01    10.83     0.02    10.47     0.01    10.81     0.01    10.80     0.02 
      50       90    11.11     9.19     0.02     9.37     0.05     9.58     0.00     9.47     0.00     9.51     0.01     9.51     0.01 
      60        0    16.67    13.35     0.17    14.19     0.02    14.35     0.00    13.52     0.05    14.29     0.00    14.12     0.00 
      60       10    16.67    13.23     0.01    14.20     0.02    14.35     0.00    13.52     0.01    14.29     0.01    14.12     0.00 
      60       20    16.67    13.26     0.00    14.21     0.00    14.35     0.00    13.53     0.02    14.29     0.00    14.12     0.00 
      60       30    16.67    13.32     0.09    14.16     0.01    14.35     0.00    13.43     0.02    14.29     0.00    14.12     0.00 
      60       40    16.67    13.37     0.13    14.20     0.03    14.34     0.00    13.39     0.00    14.29     0.00    14.12     0.00 
      60       50    16.67    13.33     0.23    14.21     0.02    14.35     0.00    13.42     0.01    14.28     0.00    14.11     0.01 
      60       60    16.67    11.50     0.51    12.93     0.06    13.59     0.01    12.83     0.00    13.52     0.03    13.51     0.03 
      60       70    14.29    11.13     0.08    11.53     0.02    12.13     0.06    11.33     0.05    12.18     0.02    12.19     0.02 
      60       80    12.50    10.15     0.01    10.41     0.02    10.82     0.02    10.43     0.01    10.80     0.01    10.81     0.02 
      60       90    11.11     9.21     0.01     9.38     0.03     9.58     0.01     9.47     0.00     9.50     0.00     9.51     0.01 
      70        0    14.29    11.61     0.27    12.38     0.60    12.47     0.63    11.76     0.15    12.84     0.01    12.66     0.01 
      70       10    14.29    11.72     0.12    12.77     0.06    12.11     0.63    11.85     0.01    12.83     0.04    12.68     0.01 
      70       20    14.29    11.75     0.11    12.36     0.58    11.75     0.00    11.65     0.17    12.83     0.02    12.67     0.01 
      70       30    14.29    11.73     0.22    12.73     0.02    12.83     0.01    11.87     0.00    12.46     0.63    12.68     0.00 
      70       40    14.29    11.77     0.10    12.80     0.06    12.47     0.62    11.87     0.02    12.83     0.00    12.66     0.01 
      70       50    14.29    11.68     0.19    12.37     0.59    12.83     0.00    11.85     0.03    12.81     0.02    12.33     0.63 
      70       60    14.29    11.93     0.09    12.77     0.07    12.11     0.62    11.81     0.01    12.44     0.63    12.68     0.01 
      70       70    14.29    11.11     0.15    11.64     0.10    12.17     0.01    11.56     0.16    12.19     0.02    11.98     0.34 
      70       80    12.50    10.13     0.01    10.41     0.01    10.85     0.01    10.24     0.01    10.83     0.02    10.81     0.02 
      70       90    11.11     9.19     0.01     9.42     0.01     9.57     0.00     9.47     0.00     9.52     0.02     9.52     0.01 
      80        0    12.50    10.53     0.14    10.73     0.00    10.77     0.00    10.72     0.03    10.74     0.00    10.64     0.00 
      80       10    12.50    10.59     0.12    10.73     0.01    10.77     0.01    10.73     0.02    10.75     0.01    10.64     0.00 
      80       20    12.50    10.64     0.05    10.72     0.00    10.77     0.00    10.74     0.02    10.74     0.01    10.64     0.00 
      80       30    12.50    10.55     0.17    10.73     0.00    10.77     0.00    10.72     0.02    10.74     0.00    10.64     0.00 
      80       40    12.50    10.66     0.05    10.73     0.00    10.77     0.00    10.72     0.02    10.74     0.00    10.64     0.00 
      80       50    12.50    10.45     0.12    10.72     0.01    10.77     0.00    10.73     0.02    10.74     0.00    10.64     0.00 
      80       60    12.50    10.63     0.20    10.72     0.00    10.77     0.00    10.67     0.01    10.74     0.00    10.64     0.00 
      80       70    12.50    10.96     0.03    10.72     0.00    10.77     0.00    10.61     0.00    10.74     0.00    10.64     0.00 
      80       80    12.50    10.12     0.01    10.70     0.14    10.77     0.00    10.42     0.08    10.74     0.00    10.64     0.00 
      80       90    11.11     9.18     0.01     9.40     0.01     9.57     0.00     9.40     0.02     9.50     0.01     9.49     0.02 
      90        0    11.11     9.60     0.09     9.89     0.01     9.94     0.00     9.67     0.02     9.92     0.00     9.83     0.00 
      90       10    11.11     9.60     0.07     9.90     0.00     9.94     0.00     9.67     0.04     9.92     0.00     9.83     0.00 
      90       20    11.11     9.59     0.06     9.89     0.01     9.94     0.01     9.67     0.03     9.92     0.00     9.83     0.00 
      90       30    11.11     9.59     0.07     9.89     0.01     9.94     0.00     9.68     0.01     9.92     0.00     9.83     0.00 
      90       40    11.11     9.61     0.02     9.89     0.01     9.94     0.00     9.62     0.06     9.92     0.00     9.83     0.00 
      90       50    11.11     9.56     0.05     9.89     0.01     9.94     0.00     9.69     0.02     9.91     0.01     9.83     0.00 
      90       60    11.11     9.51     0.04     9.89     0.01     9.94     0.01     9.63     0.02     9.91     0.01     9.83     0.00 
      90       70    11.11     9.67     0.09     9.88     0.01     9.94     0.00     9.69     0.01     9.91     0.00     9.83     0.00 
      90       80    11.11     9.82     0.09     9.88     0.01     9.94     0.00     9.66     0.02     9.91     0.00     9.83     0.00 
      90       90    11.11     9.19     0.02     9.41     0.01     9.57     0.01     9.34     0.02     9.52     0.01     9.53     0.01 
