./run-tests.py --duration 8 --max-trials 3 --step 10 --spin-min 0 --num-points 10 -S square --Bp 1 --Bc 1
       P        C    ideal       lq      std      llq      std      blq      std      ffq      std     iffq      std    biffq      std 
       0        0  1000.00   103.33     5.12   271.09    28.70   101.87     4.05   204.91     7.26   368.26     2.90    92.09     3.34 
       0       10   100.00    23.10     3.09    30.97     0.29    30.99     0.06    32.79     0.11    41.47     0.04    41.59     0.02 
       0       20    50.00    24.38     0.31    26.67     0.13    26.94     0.09    28.23     0.12    31.45     0.03    31.52     0.02 
       0       30    33.33    19.87     0.40    21.47     0.18    21.96     0.20    22.85     0.15    25.32     0.01    25.34     0.02 
       0       40    25.00    17.41     0.54    18.15     0.04    18.03     0.03    18.37     0.01    18.13     0.01    18.12     0.01 
       0       50    20.00    15.00     0.30    15.68     0.05    15.12     0.06    15.47     0.01    15.86     0.01    15.86     0.00 
       0       60    16.67    12.93     0.28    13.40     0.16    13.27     0.06    13.47     0.02    14.10     0.01    14.12     0.00 
       0       70    14.29    11.48     0.14    11.80     0.02    11.75     0.14    11.99     0.02    12.35     0.01    12.34     0.00 
       0       80    12.50    10.32     0.10    10.58     0.04    10.61     0.01    10.65     0.00    10.63     0.01    10.63     0.01 
       0       90    11.11     9.62     0.09     9.55     0.02     9.50     0.00     9.70     0.02     9.81     0.00     9.82     0.00 
      10        0   100.00    32.21     1.08    42.41     0.28    41.58     0.37    32.84     0.10    42.53     0.06    41.21     0.01 
      10       10   100.00    25.87     0.42    40.60     1.61    42.09     0.10    41.91     0.09    41.52     0.02    41.23     0.05 
      10       20    50.00    24.58     0.18    26.73     0.22    27.30     0.12    28.27     0.01    31.48     0.02    31.52     0.02 
      10       30    33.33    19.72     0.55    21.39     0.11    22.01     0.16    22.73     0.16    25.32     0.00    25.35     0.01 
      10       40    25.00    16.86     0.30    17.84     0.02    17.98     0.05    18.41     0.00    18.17     0.02    18.13     0.01 
      10       50    20.00    15.02     0.05    15.63     0.05    15.13     0.04    15.46     0.02    15.85     0.01    15.87     0.01 
      10       60    16.67    12.65     0.06    13.52     0.13    13.32     0.03    13.51     0.03    14.09     0.00    14.12     0.01 
      10       70    14.29    11.52     0.16    11.76     0.10    11.79     0.15    11.92     0.14    12.09     0.44    12.41     0.01 
      10       80    12.50    10.53     0.14    10.59     0.02    10.59     0.01    10.66     0.01    10.62     0.00    10.64     0.00 
      10       90    11.11     9.61     0.03     9.57     0.01     9.52     0.01     9.63     0.01     9.82     0.00     9.83     0.00 
      20        0    50.00    28.89     0.35    31.52     0.06    31.25     0.42    28.11     0.03    31.96     0.02    31.30     0.02 
      20       10    50.00    29.06     0.29    31.84     0.09    31.50     0.02    28.13     0.01    31.94     0.05    31.33     0.06 
      20       20    50.00    24.77     0.34    27.79     0.68    31.95     0.05    31.91     0.04    31.48     0.02    31.42     0.03 
      20       30    33.33    19.47     0.60    21.15     0.30    22.17     0.15    22.80     0.01    25.29     0.02    25.35     0.01 
      20       40    25.00    17.05     0.32    17.74     0.13    17.86     0.17    18.38     0.03    18.14     0.00    18.13     0.00 
      20       50    20.00    14.45     0.13    15.52     0.02    15.24     0.02    15.60     0.02    15.87     0.00    15.87     0.01 
      20       60    16.67    12.52     0.09    13.48     0.17    13.30     0.04    13.52     0.01    14.10     0.00    14.11     0.00 
      20       70    14.29    11.47     0.08    11.85     0.03    11.83     0.02    11.90     0.01    12.06     0.43    12.14     0.47 
      20       80    12.50    10.47     0.29    10.59     0.02    10.63     0.05    10.66     0.01    10.62     0.00    10.64     0.00 
      20       90    11.11     9.62     0.09     9.56     0.01     9.50     0.01     9.66     0.03     9.81     0.01     9.82     0.00 
      30        0    33.33    23.27     1.16    25.13     0.30    25.00     0.17    22.87     0.03    25.59     0.04    25.26     0.01 
      30       10    33.33    22.93     0.86    25.07     0.17    24.94     0.03    22.71     0.13    25.55     0.01    25.22     0.02 
      30       20    33.33    21.42     1.34    25.21     0.18    25.09     0.10    22.68     0.14    25.57     0.04    25.23     0.01 
      30       30    33.33    20.09     0.29    23.79     1.20    25.51     0.04    25.60     0.04    25.32     0.00    25.28     0.03 
      30       40    25.00    16.83     0.20    17.63     0.10    17.78     0.05    18.31     0.01    18.14     0.00    18.13     0.00 
      30       50    20.00    13.13     0.26    15.49     0.04    15.36     0.05    15.55     0.01    15.88     0.01    15.87     0.00 
      30       60    16.67    12.36     0.14    13.56     0.02    13.29     0.12    13.50     0.00    14.09     0.01    14.11     0.00 
      30       70    14.29    11.55     0.03    11.73     0.16    11.57     0.18    11.71     0.01    12.33     0.00    12.39     0.01 
      30       80    12.50    10.52     0.27    10.57     0.04    10.54     0.03    10.65     0.01    10.62     0.00    10.64     0.01 
      30       90    11.11     9.53     0.03     9.58     0.01     9.51     0.03     9.70     0.01     9.81     0.00     9.82     0.01 
      40        0    25.00    18.40     0.29    18.25     0.13    18.07     0.09    18.28     0.03    18.40     0.01    18.27     0.01 
      40       10    25.00    18.29     0.21    18.40     0.01    18.08     0.09    18.24     0.02    18.40     0.01    18.28     0.01 
      40       20    25.00    18.04     0.07    18.19     0.01    18.14     0.08    18.26     0.02    18.40     0.01    18.28     0.01 
      40       30    25.00    18.30     0.28    18.27     0.06    18.11     0.09    18.18     0.05    18.40     0.01    18.26     0.00 
      40       40    25.00    16.88     0.07    18.26     0.26    18.38     0.02    18.29     0.03    18.12     0.01    18.11     0.00 
      40       50    20.00    13.33     0.57    15.28     0.11    15.20     0.02    15.59     0.01    15.89     0.02    15.87     0.01 
      40       60    16.67    12.01     0.38    13.39     0.12    13.44     0.01    13.57     0.02    14.10     0.00    14.11     0.01 
      40       70    14.29    11.59     0.16    11.74     0.15    11.67     0.26    11.81     0.11    12.07     0.44    12.38     0.01 
      40       80    12.50    10.57     0.01    10.62     0.01    10.40     0.01    10.64     0.01    10.62     0.00    10.63     0.01 
      40       90    11.11     9.66     0.08     9.58     0.02     9.45     0.03     9.66     0.03     9.81     0.00     9.82     0.00 
      50        0    20.00    15.96     0.38    15.91     0.06    15.81     0.14    15.56     0.01    16.08     0.00    16.07     0.00 
      50       10    20.00    16.09     0.31    15.90     0.07    15.75     0.05    15.56     0.01    16.08     0.00    16.06     0.01 
      50       20    20.00    15.97     0.26    15.94     0.10    15.74     0.13    15.56     0.01    16.10     0.01    16.07     0.00 
      50       30    20.00    15.85     0.08    15.82     0.09    15.67     0.10    15.60     0.01    16.09     0.00    16.07     0.00 
      50       40    20.00    16.09     0.32    15.79     0.05    15.84     0.02    15.48     0.00    16.10     0.01    16.07     0.00 
      50       50    20.00    13.49     0.20    15.95     0.14    16.06     0.00    15.94     0.15    15.86     0.01    15.87     0.01 
      50       60    16.67    11.68     0.19    13.30     0.07    13.33     0.05    13.56     0.01    14.10     0.01    14.11     0.00 
      50       70    14.29    11.46     0.11    11.84     0.05    11.73     0.22    11.89     0.01    12.33     0.01    11.85     0.45 
      50       80    12.50    10.73     0.09    10.58     0.02    10.45     0.01    10.66     0.01    10.62     0.01    10.63     0.00 
      50       90    11.11     9.65     0.01     9.54     0.03     9.46     0.01     9.63     0.01     9.81     0.00     9.82     0.00 
      60        0    16.67    13.57     0.08    14.12     0.04    13.96     0.05    13.64     0.02    14.29     0.01    14.18     0.00 
      60       10    16.67    13.69     0.03    14.13     0.03    14.04     0.03    13.61     0.01    14.29     0.01    14.19     0.00 
      60       20    16.67    13.57     0.09    14.14     0.04    14.05     0.07    13.60     0.00    14.30     0.01    14.19     0.00 
      60       30    16.67    13.59     0.08    14.13     0.02    13.99     0.06    13.55     0.01    14.29     0.00    14.18     0.00 
      60       40    16.67    13.48     0.16    14.10     0.03    14.02     0.07    13.51     0.00    14.29     0.00    14.19     0.01 
      60       50    16.67    13.56     0.28    14.13     0.06    14.04     0.04    13.50     0.01    14.29     0.01    14.18     0.00 
      60       60    16.67    12.20     0.02    14.02     0.19    14.28     0.00    14.25     0.02    14.11     0.00    14.11     0.00 
      60       70    14.29    11.33     0.06    11.71     0.14    11.73     0.27    11.88     0.00    12.33     0.01    12.12     0.46 
      60       80    12.50    10.74     0.03    10.60     0.01    10.51     0.04    10.66     0.00    10.62     0.01    10.62     0.00 
      60       90    11.11     9.61     0.04     9.57     0.01     9.48     0.03     9.64     0.00     9.81     0.00     9.82     0.00 
      70        0    14.29    11.25     0.21    12.25     0.39    12.15     0.05    12.13     0.01    12.75     0.01    12.34     0.57 
      70       10    14.29    11.41     0.44    12.19     0.44    12.03     0.26    11.90     0.16    12.74     0.01    12.68     0.01 
      70       20    14.29    11.65     0.22    12.57     0.10    12.04     0.19    11.98     0.17    12.07     0.59    12.67     0.03 
      70       30    14.29    11.68     0.41    12.03     0.49    12.01     0.25    11.94     0.01    12.42     0.59    12.66     0.02 
      70       40    14.29    11.82     0.28    12.29     0.47    12.14     0.07    11.91     0.02    12.77     0.01    12.35     0.58 
      70       50    14.29    11.76     0.24    12.46     0.14    12.09     0.03    11.88     0.17    12.41     0.59    12.03     0.59 
      70       60    14.29    11.92     0.21    12.64     0.07    12.11     0.05    11.80     0.21    12.07     0.59    12.67     0.03 
      70       70    14.29    11.12     0.06    11.98     0.21    12.18     0.02    12.75     0.01    12.12     0.47    12.40     0.00 
      70       80    12.50    10.57     0.08    10.58     0.03    10.42     0.00    10.63     0.01    10.60     0.04    10.58     0.02 
      70       90    11.11     9.64     0.01     9.59     0.02     9.55     0.05     9.63     0.00     9.82     0.01     9.81     0.00 
      80        0    12.50    10.73     0.26    10.71     0.00    10.74     0.04    10.76     0.02    10.75     0.00    10.74     0.00 
      80       10    12.50    10.63     0.25    10.68     0.04    10.67     0.04    10.74     0.01    10.75     0.00    10.74     0.00 
      80       20    12.50    10.65     0.37    10.70     0.03    10.75     0.01    10.79     0.00    10.76     0.00    10.74     0.00 
      80       30    12.50    10.66     0.23    10.68     0.03    10.70     0.06    10.79     0.00    10.75     0.00    10.74     0.00 
      80       40    12.50    10.67     0.18    10.66     0.01    10.67     0.07    10.80     0.01    10.76     0.00    10.74     0.00 
      80       50    12.50    10.54     0.12    10.63     0.05    10.72     0.01    10.79     0.02    10.76     0.00    10.74     0.00 
      80       60    12.50    10.63     0.14    10.71     0.00    10.65     0.05    10.77     0.00    10.75     0.00    10.74     0.00 
      80       70    12.50    11.00     0.05    10.68     0.02    10.69     0.07    10.63     0.03    10.76     0.00    10.75     0.00 
      80       80    12.50    11.01     0.16    10.71     0.06    10.73     0.01    10.51     0.00    10.63     0.01    10.62     0.03 
      80       90    11.11     9.63     0.08     9.60     0.01     9.49     0.02     9.62     0.01     9.83     0.00     9.82     0.00 
      90        0    11.11     9.85     0.13     9.89     0.02     9.81     0.01     9.63     0.01     9.92     0.00     9.86     0.01 
      90       10    11.11     9.94     0.03     9.90     0.01     9.80     0.02     9.63     0.01     9.91     0.00     9.85     0.01 
      90       20    11.11     9.84     0.21     9.88     0.04     9.81     0.01     9.63     0.01     9.92     0.00     9.86     0.00 
      90       30    11.11     9.70     0.13     9.87     0.03     9.80     0.04     9.64     0.01     9.92     0.00     9.86     0.01 
      90       40    11.11     9.70     0.11     9.87     0.03     9.79     0.02     9.64     0.01     9.92     0.00     9.86     0.00 
      90       50    11.11     9.63     0.03     9.85     0.03     9.80     0.01     9.63     0.00     9.92     0.00     9.85     0.00 
      90       60    11.11     9.65     0.08     9.86     0.01     9.81     0.01     9.64     0.01     9.92     0.00     9.85     0.01 
      90       70    11.11     9.66     0.20     9.87     0.02     9.81     0.01     9.64     0.01     9.92     0.00     9.85     0.01 
      90       80    11.11     9.67     0.20     9.88     0.02     9.80     0.01     9.62     0.01     9.92     0.00     9.86     0.00 
      90       90    11.11     9.59     0.06     9.78     0.12     9.92     0.00     9.73     0.16     9.82     0.00     9.82     0.00 
