./run-tests.py --duration 8 --max-trials 3 --step 10 --spin-min 0 --num-points 10 -S square -M --Bp 1 --Bc 1
       P        C    ideal       lq      std      llq      std      blq      std      ffq      std     iffq      std    biffq      std 
       0        0  1000.00    24.52     0.48    25.84     0.08    22.84     0.64    28.21     0.11    29.51     0.14    27.03     0.42 
       0       10   100.00    20.23     3.12    18.69     0.04    18.35     0.01    21.03     0.07    27.97     0.01    28.05     0.05 
       0       20    50.00    20.74     2.69    18.85     0.34    18.55     0.12    20.77     0.04    28.04     0.14    28.05     0.10 
       0       30    33.33    17.25     0.35    18.44     0.33    17.92     0.22    19.71     0.11    22.98     0.13    22.93     0.07 
       0       40    25.00    15.99     0.03    17.56     0.09    16.48     0.09    16.65     0.02    19.30     0.04    19.27     0.08 
       0       50    20.00    13.85     0.02    15.21     0.01    15.01     0.03    14.96     0.05    15.94     0.11    15.91     0.09 
       0       60    16.67    11.89     0.08    12.35     0.02    13.06     0.08    13.13     0.01    13.49     0.01    13.51     0.05 
       0       70    14.29    11.06     0.17    11.26     0.09    11.66     0.04    11.81     0.09    12.20     0.00    12.18     0.01 
       0       80    12.50    10.04     0.03    10.07     0.03    10.54     0.02    10.57     0.01    10.82     0.03    10.82     0.01 
       0       90    11.11     9.05     0.03     8.73     0.08     9.50     0.02     9.50     0.00     9.50     0.01     9.51     0.02 
      10        0   100.00    22.31     2.39    18.80     0.14    18.61     0.21    21.49     0.05    27.94     0.07    27.94     0.13 
      10       10   100.00    22.17     2.79    18.92     0.20    18.73     0.15    21.01     0.06    28.00     0.10    27.95     0.16 
      10       20    50.00    18.26     0.62    18.97     0.32    18.67     0.07    20.82     0.07    27.94     0.09    27.95     0.05 
      10       30    33.33    16.98     0.29    18.60     0.34    17.90     0.16    19.63     0.11    23.00     0.08    23.02     0.10 
      10       40    25.00    15.99     0.04    17.55     0.13    16.38     0.12    16.65     0.02    19.27     0.09    19.24     0.12 
      10       50    20.00    13.68     0.05    15.26     0.03    15.05     0.12    14.99     0.01    15.98     0.09    15.91     0.09 
      10       60    16.67    12.07     0.07    12.50     0.08    13.05     0.06    13.15     0.04    13.50     0.02    13.49     0.03 
      10       70    14.29    10.98     0.09    11.28     0.12    11.68     0.06    11.77     0.10    12.13     0.09    12.08     0.07 
      10       80    12.50    10.01     0.07     9.96     0.14    10.55     0.01    10.58     0.01    10.80     0.02    10.80     0.01 
      10       90    11.11     9.02     0.05     8.68     0.08     9.48     0.02     9.49     0.00     9.51     0.01     9.51     0.01 
      20        0    50.00    22.01     3.63    18.91     0.25    19.11     0.31    23.38     0.16    28.98     0.02    28.75     0.02 
      20       10    50.00    20.33     3.48    19.18     0.12    18.95     0.23    21.17     0.06    28.96     0.11    28.72     0.09 
      20       20    50.00    21.98     3.62    18.90     0.13    18.86     0.20    20.96     0.01    28.99     0.10    28.79     0.02 
      20       30    33.33    16.97     0.24    18.37     0.43    18.22     0.35    19.70     0.01    23.37     0.41    23.29     0.35 
      20       40    25.00    15.75     0.26    17.17     0.06    16.53     0.15    16.70     0.01    19.07     0.15    19.12     0.07 
      20       50    20.00    13.73     0.15    15.28     0.06    15.01     0.10    14.88     0.04    15.43     0.04    15.37     0.03 
      20       60    16.67    11.92     0.08    12.44     0.01    13.03     0.14    13.09     0.01    13.71     0.01    13.68     0.03 
      20       70    14.29    10.93     0.07    11.29     0.10    11.61     0.06    11.82     0.03    12.09     0.02    12.11     0.09 
      20       80    12.50    10.01     0.03    10.10     0.03    10.55     0.01    10.52     0.00    10.72     0.03    10.71     0.03 
      20       90    11.11     9.05     0.05     8.88     0.03     9.48     0.03     9.49     0.01     9.60     0.02     9.59     0.02 
      30        0    33.33    20.82     3.41    25.45     0.02    25.22     0.01    24.80     0.05    25.45     0.02    24.29     0.01 
      30       10    33.33    23.09     0.84    25.45     0.03    25.23     0.01    24.75     0.06    25.42     0.03    24.28     0.04 
      30       20    33.33    20.43     3.12    25.46     0.03    25.23     0.02    24.77     0.01    25.48     0.04    24.26     0.05 
      30       30    33.33    16.89     0.20    18.08     0.33    18.39     0.21    19.57     0.12    22.97     0.07    22.94     0.08 
      30       40    25.00    15.78     0.33    17.19     0.20    16.88     0.02    16.84     0.03    19.09     0.05    19.18     0.05 
      30       50    20.00    13.63     0.14    15.18     0.11    15.02     0.07    14.28     0.01    15.68     0.13    15.66     0.04 
      30       60    16.67    12.12     0.26    12.63     0.01    12.96     0.03    12.63     0.01    13.49     0.03    13.50     0.02 
      30       70    14.29    10.95     0.06    11.48     0.12    11.67     0.06    11.64     0.01    12.06     0.12    12.16     0.01 
      30       80    12.50    10.15     0.02    10.43     0.01    10.55     0.02    10.46     0.01    10.78     0.02    10.79     0.03 
      30       90    11.11     9.16     0.04     9.33     0.06     9.43     0.01     9.46     0.01     9.51     0.01     9.51     0.02 
      40        0    25.00    18.40     0.08    18.37     0.02    18.16     0.01    17.87     0.06    18.36     0.00    17.80     0.00 
      40       10    25.00    18.34     0.28    18.36     0.03    18.15     0.01    17.81     0.03    18.36     0.00    17.81     0.01 
      40       20    25.00    18.19     0.12    18.37     0.02    18.16     0.02    17.91     0.02    18.36     0.00    17.80     0.01 
      40       30    25.00    18.34     0.26    18.39     0.02    18.17     0.01    17.89     0.04    18.36     0.00    17.84     0.01 
      40       40    25.00    15.78     0.30    18.46     0.00    18.30     0.01    18.23     0.03    18.36     0.01    17.89     0.01 
      40       50    20.00    13.10     0.39    15.21     0.00    15.06     0.06    14.43     0.00    15.88     0.12    15.92     0.04 
      40       60    16.67    11.71     0.29    12.84     0.03    13.01     0.04    12.40     0.03    13.49     0.00    13.51     0.03 
      40       70    14.29    11.17     0.03    11.51     0.08    11.49     0.10    11.62     0.00    12.13     0.10    12.12     0.11 
      40       80    12.50    10.14     0.01    10.45     0.01    10.43     0.01    10.45     0.00    10.82     0.03    10.82     0.02 
      40       90    11.11     9.20     0.01     9.30     0.10     9.46     0.03     9.47     0.00     9.52     0.01     9.52     0.01 
      50        0    20.00    15.68     0.36    16.01     0.01    15.76     0.05    15.40     0.02    16.08     0.01    15.66     0.02 
      50       10    20.00    16.08     0.03    15.99     0.02    15.77     0.04    15.41     0.01    16.08     0.01    15.68     0.01 
      50       20    20.00    16.10     0.04    16.01     0.02    15.76     0.04    15.42     0.00    16.07     0.00    15.67     0.00 
      50       30    20.00    15.72     0.35    16.02     0.02    15.81     0.04    15.40     0.01    16.07     0.00    15.67     0.01 
      50       40    20.00    15.97     0.36    16.01     0.04    15.87     0.04    15.38     0.01    16.08     0.01    15.68     0.00 
      50       50    20.00    13.37     0.04    15.02     0.02    16.00     0.04    15.42     0.02    15.99     0.04    15.66     0.00 
      50       60    16.67    12.37     0.01    12.91     0.02    13.03     0.00    12.41     0.01    13.50     0.02    13.50     0.02 
      50       70    14.29    11.20     0.12    11.55     0.10    11.61     0.01    11.57     0.08    12.09     0.08    12.05     0.10 
      50       80    12.50    10.15     0.00    10.41     0.02    10.43     0.01    10.46     0.01    10.82     0.01    10.80     0.02 
      50       90    11.11     9.19     0.01     9.35     0.05     9.40     0.02     9.47     0.00     9.53     0.02     9.52     0.01 
      60        0    16.67    13.35     0.17    14.18     0.00    13.93     0.01    13.52     0.02    14.29     0.00    13.97     0.01 
      60       10    16.67    13.50     0.06    14.20     0.02    13.95     0.02    13.55     0.03    14.29     0.00    13.98     0.00 
      60       20    16.67    13.34     0.17    14.18     0.03    13.95     0.02    13.53     0.03    14.29     0.00    13.97     0.01 
      60       30    16.67    13.31     0.10    14.18     0.03    13.99     0.02    13.41     0.02    14.29     0.00    13.97     0.00 
      60       40    16.67    13.48     0.06    14.20     0.03    14.01     0.01    13.40     0.00    14.29     0.00    13.97     0.00 
      60       50    16.67    13.49     0.28    14.20     0.03    14.03     0.00    13.42     0.01    14.29     0.01    13.97     0.00 
      60       60    16.67    11.34     0.01    12.94     0.05    13.13     0.01    12.82     0.00    13.49     0.01    13.49     0.01 
      60       70    14.29    11.21     0.09    11.51     0.11    11.67     0.02    11.38     0.00    12.19     0.00    12.20     0.02 
      60       80    12.50    10.14     0.00    10.40     0.00    10.48     0.01    10.44     0.01    10.81     0.01    10.80     0.01 
      60       90    11.11     9.18     0.01     9.40     0.01     9.46     0.05     9.48     0.01     9.51     0.02     9.53     0.01 
      70        0    14.29    11.91     0.30    12.72     0.01    12.19     0.01    11.87     0.00    12.85     0.01    12.15     0.50 
      70       10    14.29    11.93     0.42    12.74     0.08    12.00     0.33    11.78     0.13    12.10     0.64    11.86     0.51 
      70       20    14.29    11.62     0.13    12.76     0.07    11.59     0.02    11.86     0.01    12.47     0.64    11.86     0.50 
      70       30    14.29    11.74     0.48    12.75     0.07    11.79     0.34    11.79     0.12    12.84     0.01    12.15     0.51 
      70       40    14.29    12.01     0.25    12.38     0.59    12.00     0.32    11.85     0.01    12.45     0.63    12.44     0.01 
      70       50    14.29    11.59     0.15    12.77     0.07    12.19     0.01    11.83     0.03    12.45     0.63    11.86     0.50 
      70       60    14.29    11.70     0.15    12.78     0.05    12.20     0.02    11.44     0.01    12.44     0.63    12.43     0.01 
      70       70    14.29    11.03     0.05    11.67     0.08    11.68     0.02    11.63     0.15    11.88     0.28    11.98     0.36 
      70       80    12.50    10.13     0.01    10.39     0.01    10.48     0.05    10.22     0.03    10.82     0.01    10.81     0.02 
      70       90    11.11     9.20     0.00     9.40     0.03     9.47     0.02     9.46     0.00     9.51     0.01     9.51     0.01 
      80        0    12.50    10.49     0.17    10.73     0.01    10.64     0.02    10.75     0.01    10.74     0.00    10.57     0.00 
      80       10    12.50    10.50     0.17    10.73     0.01    10.64     0.02    10.73     0.02    10.74     0.00    10.56     0.00 
      80       20    12.50    10.52     0.15    10.73     0.00    10.65     0.02    10.75     0.01    10.75     0.00    10.57     0.00 
      80       30    12.50    10.55     0.17    10.73     0.00    10.64     0.02    10.70     0.01    10.74     0.00    10.56     0.00 
      80       40    12.50    10.58     0.13    10.73     0.00    10.65     0.02    10.75     0.04    10.74     0.00    10.56     0.00 
      80       50    12.50    10.55     0.13    10.73     0.00    10.64     0.00    10.76     0.04    10.75     0.00    10.56     0.00 
      80       60    12.50    10.52     0.15    10.72     0.00    10.65     0.01    10.66     0.03    10.74     0.01    10.57     0.00 
      80       70    12.50    10.79     0.29    10.72     0.00    10.65     0.01    10.57     0.02    10.74     0.00    10.57     0.00 
      80       80    12.50    10.10     0.01    10.76     0.03    10.70     0.00    10.60     0.05    10.74     0.00    10.56     0.00 
      80       90    11.11     9.20     0.02     9.40     0.01     9.46     0.00     9.41     0.00     9.53     0.01     9.53     0.01 
      90        0    11.11     9.60     0.07     9.89     0.01     9.79     0.01     9.68     0.01     9.92     0.00     9.75     0.00 
      90       10    11.11     9.55     0.11     9.90     0.01     9.79     0.02     9.70     0.01     9.92     0.00     9.71     0.06 
      90       20    11.11     9.56     0.09     9.89     0.00     9.81     0.02     9.68     0.01     9.92     0.00     9.75     0.00 
      90       30    11.11     9.62     0.03     9.90     0.01     9.81     0.02     9.69     0.01     9.92     0.00     9.75     0.00 
      90       40    11.11     9.56     0.07     9.89     0.01     9.81     0.03     9.70     0.01     9.92     0.00     9.75     0.00 
      90       50    11.11     9.57     0.08     9.89     0.01     9.81     0.03     9.70     0.01     9.91     0.00     9.75     0.00 
      90       60    11.11     9.57     0.07     9.89     0.01     9.83     0.01     9.69     0.01     9.91     0.00     9.75     0.01 
      90       70    11.11     9.66     0.04     9.88     0.01     9.81     0.03     9.67     0.01     9.91     0.00     9.75     0.00 
      90       80    11.11     9.62     0.13     9.89     0.01     9.82     0.03     9.68     0.01     9.91     0.00     9.75     0.00 
      90       90    11.11     9.18     0.03     9.39     0.01     9.49     0.01     9.35     0.01     9.51     0.02     9.53     0.01 
