./run-tests.py --trials 5 --spin-min 0 --num-points 30 -S parallel
       P        C    delta       lq      std      llq      std      blq      std      ffq      std     iffq      std    biffq      std 
       0        0        0    74.25    28.60   196.66    55.49   654.88     6.50   181.82    34.72   277.11    19.23   340.30     7.35 
       1        1        0   113.07     5.43   171.29    57.41   346.06     2.27   164.16    13.51   246.01    15.78   272.05    12.89 
       2        2        0    89.92    13.39   223.12    55.92   342.94     1.94   167.44    15.02   220.50    26.67   247.88     7.22 
       3        3        0    90.48     4.83   221.02    25.63   318.51     0.86   173.53    31.49   224.20     6.13   226.92    24.33 
       4        4        0    83.70    11.65   194.30    11.74   292.99     1.13   184.79    11.65   191.87    16.25   226.85     7.40 
       5        5        0    78.43     4.92   153.04     3.15   265.73     1.99   166.78    10.01   185.34    14.66   197.76     4.73 
       6        6        0    76.62     2.36   133.52     2.53   171.42     0.41   113.52     3.23   155.20     7.93   193.33     5.95 
       7        7        0    74.68     3.39   121.20     3.82   150.08     0.27   106.85     4.35   138.48     5.88   165.72     3.29 
       8        8        0    68.41     3.07   106.38     3.91   133.49     0.23    95.11     2.20   119.86     2.78   158.44     7.86 
       9        9        0    63.22     1.77    94.70     1.88   120.14     0.17    86.15     1.50   106.33     3.12   141.80     1.97 
      10       10        0    56.84     3.67    89.42     2.84   109.08     0.12    79.86     2.67    99.18     3.97   116.37     2.42 
      11       11        0    56.87     2.23    80.64     0.74    99.88     0.11    75.60     2.23    91.81     3.88   111.81     2.29 
      13       13        0    51.46     1.18    67.10     2.55    85.39     0.07    65.66     1.33    78.78     2.40    97.38     3.41 
      15       15        0    48.32     0.55    59.76     2.26    74.56     0.05    60.34     0.42    69.52     2.09    87.31     2.12 
      17       17        0    42.47     3.23    51.42     2.43    66.14     0.07    56.48     0.23    62.26     0.83    79.39     1.65 
      19       19        0    44.34     0.55    45.26     3.48    59.42     0.02    50.88     1.30    56.00     0.90    72.33     1.52 
      21       21        0    40.37     2.33    41.24     0.80    53.93     0.03    46.47     0.38    49.95     3.67    64.02     5.65 
      23       23        0    38.76     1.18    36.58     1.54    49.37     0.00    42.79     0.19    47.71     0.43    61.43     0.85 
      25       25        0    37.56     0.33    34.56     1.30    45.52     0.00    39.84     0.10    44.11     0.47    58.38     1.19 
      27       27        0    35.70     1.02    32.45     0.99    42.22     0.00    36.69     0.08    41.38     0.49    54.40     1.14 
      29       29        0    34.08     1.45    30.45     0.81    39.37     0.01    34.33     0.47    38.70     0.09    52.38     0.27 
      39       39        0    28.87     1.12    24.42     0.16    29.10     0.00    26.33     0.03    28.93     0.03    40.36     0.17 
      49       49        0    25.53     3.00    22.46     0.19    26.86     0.00    24.16     0.09    26.68     0.04    29.93     0.01 
      59       59        0    25.37     1.35    20.78     0.07    24.95     0.00    22.43     0.07    24.82     0.03    27.59     0.01 
      79       79        0    20.32     1.58    18.82     0.18    21.83     0.00    19.83     0.08    21.74     0.01    23.75     0.02 
      99       99        0    19.11     1.24    17.37     0.12    19.40     0.00    17.89     0.09    19.28     0.06    20.91     0.01 
     119      119        0    16.75     1.38    15.83     0.16    17.46     0.00    16.03     0.04    17.42     0.01    18.62     0.00 
     139      139        0    15.31     1.73    14.45     0.14    15.88     0.00    14.70     0.13    15.84     0.00    16.78     0.00 
     169      169        0    13.45     1.49    12.35     0.10    13.97     0.00    12.99     0.13    13.94     0.00    14.62     0.00 
     204      204        0    12.17     0.69    11.33     0.07    12.26     0.00    11.40     0.04    12.23     0.00    12.70     0.00 
