./run-tests.py --spin-min 2 --num-points 29 -S ptriangle
       P        C    delta       lq      std      llq      std      blq      std      ffq      std     iffq      std    biffq      std 
       2        2        0    28.55     2.03    61.54     0.29    62.29     0.12    59.19     0.33    60.72     0.06    60.19     0.07 
       3        2        1    29.35     0.29    61.60     0.58    62.25     0.11    58.91     0.17    60.73     0.11    60.21     0.09 
       4        2        2    26.89     2.45    61.54     0.43    62.28     0.12    58.90     0.24    60.80     0.06    60.20     0.06 
       5        2        3    26.62     4.28    61.51     0.34    62.28     0.17    58.80     0.15    60.77     0.05    60.10     0.07 
       6        2        4    28.19     2.65    61.86     0.24    62.25     0.14    59.17     0.11    60.74     0.03    60.11     0.07 
       7        2        5    28.62     0.54    61.28     0.46    62.22     0.12    59.08     0.12    60.69     0.14    60.22     0.08 
       8        2        6    28.70     0.38    61.87     0.62    62.60     0.21    47.65     4.20    60.59     0.11    59.36     0.20 
       9        2        7    32.28     0.88    42.36     0.23    42.80     0.01    33.03     0.22    42.54     0.05    41.21     0.08 
      10        2        8    31.05     3.50    42.29     0.08    42.75     0.03    33.06     0.15    42.54     0.06    41.22     0.08 
      11        2        9    30.71     3.99    42.39     0.03    42.80     0.01    32.88     0.15    42.55     0.07    41.20     0.05 
      12        2       10    31.81     0.58    42.48     0.14    42.78     0.05    32.85     0.12    42.54     0.04    41.17     0.09 
      13        2       11    30.48     3.86    42.38     0.14    42.77     0.04    32.74     0.07    42.57     0.04    41.14     0.09 
      15        2       13    31.70     0.27    42.51     0.14    42.76     0.05    32.59     0.05    42.50     0.05    41.12     0.06 
      17        2       15    28.71     3.30    31.95     0.08    32.15     0.03    29.69     0.02    32.19     0.02    31.39     0.05 
      19        2       17    29.60     0.81    31.70     0.05    32.12     0.02    28.68     0.04    32.18     0.02    31.38     0.04 
      21        2       19    26.27     3.98    31.71     0.15    32.09     0.00    28.17     0.06    32.05     0.06    31.33     0.01 
      23        2       21    27.20     0.18    31.55     0.19    32.08     0.01    27.85     0.03    31.98     0.03    31.32     0.03 
      25        2       23    24.09     2.36    25.58     0.11    25.78     0.01    24.29     0.02    25.69     0.02    25.34     0.02 
      27        2       25    24.19     0.26    25.26     0.13    25.75     0.01    23.74     0.02    25.68     0.02    25.27     0.03 
      29        2       27    22.60     0.07    25.06     0.09    25.74     0.01    23.02     0.02    25.60     0.03    25.24     0.01 
      31        2       29    22.16     0.21    25.00     0.15    25.72     0.02    22.74     0.02    25.59     0.04    25.24     0.01 
      41        2       39    18.27     0.42    18.20     0.05    18.44     0.01    18.17     0.02    18.41     0.01    18.16     0.01 
      51        2       49    15.42     0.30    15.84     0.05    16.11     0.01    15.55     0.02    16.10     0.01    15.91     0.00 
      61        2       59    13.37     0.10    14.05     0.05    14.33     0.00    13.65     0.03    14.30     0.01    14.15     0.00 
      81        2       79    10.57     0.10    10.70     0.02    10.76     0.01    10.54     0.03    10.75     0.00    10.68     0.00 
     101        2       99     8.73     0.11     8.59     0.02     8.62     0.00     8.64     0.00     8.61     0.00     8.57     0.00 
     121        2      119     7.49     0.14     7.57     0.01     7.60     0.00     7.40     0.00     7.60     0.00     7.56     0.00 
     141        2      139     6.58     0.06     6.45     0.01     6.46     0.00     6.49     0.01     6.46     0.00     6.43     0.00 
     171        2      169     5.48     0.04     5.38     0.00     5.39     0.00     5.38     0.01     5.38     0.00     5.37     0.00 
