./run-tests.py --spin-min 2 --num-points 29 -S ctriangle
       P        C    delta       lq      std      llq      std      blq      std      ffq      std     iffq      std    biffq      std 
       2        2        0    26.99     3.55    58.55     8.74    62.36     0.12    58.94     0.17    60.73     0.08    60.11     0.09 
       2        3       -1    28.74     0.80    54.80    11.67    62.20     0.13    59.12     0.19    60.74     0.08    60.10     0.10 
       2        4       -2    28.43     1.33    60.84     1.74    62.20     0.13    59.08     0.11    60.73     0.11    60.12     0.11 
       2        5       -3    28.96     0.69    61.52     0.27    62.27     0.11    58.91     0.14    60.82     0.05    60.11     0.07 
       2        6       -4    27.71     2.87    58.98     8.10    62.27     0.15    59.01     0.17    60.74     0.06    60.11     0.06 
       2        7       -5    28.84     0.58    57.54    12.60    62.23     0.11    58.88     0.11    60.81     0.08    60.14     0.08 
       2        8       -6    27.02     2.17    41.44     2.83    60.17     0.20    48.61     0.74    59.24     0.44    59.21     0.31 
       2        9       -7    25.52     0.64    30.76     0.13    41.95     0.06    32.66     0.08    41.60     0.01    41.56     0.02 
       2       10       -8    25.93     0.88    29.84     2.83    41.97     0.07    32.71     0.08    41.58     0.03    41.51     0.03 
       2       11       -9    25.51     1.59    30.57     0.23    41.94     0.06    32.58     0.14    41.61     0.02    41.54     0.03 
       2       12      -10    25.47     1.92    30.56     0.07    41.93     0.06    32.57     0.09    41.61     0.01    41.53     0.05 
       2       13      -11    24.69     2.07    30.28     0.29    41.93     0.09    32.37     0.10    41.56     0.03    41.54     0.03 
       2       15      -13    25.64     0.92    30.55     0.21    41.93     0.06    32.08     0.21    41.59     0.02    41.54     0.04 
       2       17      -15    25.04     1.51    27.61     0.18    31.93     0.03    29.47     0.02    31.65     0.02    31.57     0.03 
       2       19      -17    24.50     1.76    27.06     0.19    31.83     0.02    28.61     0.01    31.57     0.03    31.52     0.04 
       2       21      -19    23.97     0.20    25.53     0.34    31.74     0.02    27.91     0.11    31.47     0.01    31.47     0.02 
       2       23      -21    22.63     0.99    25.21     0.36    31.73     0.02    27.78     0.02    31.47     0.01    31.46     0.01 
       2       25      -23    21.66     0.23    22.90     1.06    25.70     0.01    24.24     0.01    25.46     0.01    25.44     0.01 
       2       27      -25    20.97     0.64    22.39     0.07    25.61     0.02    23.71     0.01    25.39     0.01    25.39     0.01 
       2       29      -27    19.65     0.63    21.42     0.10    25.54     0.01    22.94     0.01    25.32     0.01    25.31     0.01 
       2       31      -29    19.34     0.27    20.98     0.70    25.53     0.02    22.67     0.02    25.33     0.01    25.30     0.01 
       2       41      -39    16.44     0.42    17.77     0.07    18.35     0.01    18.19     0.02    18.13     0.01    18.13     0.01 
       2       51      -49    13.55     0.13    15.33     0.04    16.00     0.01    15.37     0.01    15.84     0.01    15.84     0.01 
       2       61      -59    12.59     0.24    13.20     0.08    14.18     0.00    13.44     0.02    14.10     0.00    14.10     0.01 
       2       81      -79    10.51     0.09    10.41     0.03    10.71     0.00    10.58     0.01    10.62     0.00    10.62     0.00 
       2      101      -99     8.73     0.08     8.62     0.01     8.60     0.00     8.67     0.02     8.53     0.00     8.53     0.00 
       2      121     -119     7.37     0.05     7.36     0.01     7.57     0.00     7.41     0.00     7.53     0.00     7.53     0.00 
       2      141     -139     6.42     0.03     6.35     0.01     6.45     0.00     6.39     0.00     6.41     0.00     6.42     0.00 
       2      171     -169     5.35     0.02     5.36     0.01     5.38     0.00     5.36     0.01     5.35     0.00     5.36     0.00 
