./run-tests.py --trials 5 -M --spin-min 0 --num-points 30 -S parallel
       P        C    delta       lq      std      llq      std      blq      std      ffq      std     iffq      std    biffq      std 
       0        0        0    35.36     0.96    36.64     1.27    48.07     0.15    28.61     0.08    30.19     0.22    50.50     0.16 
       1        1        0    35.50     1.06    35.65     1.00    48.80     0.16    28.58     0.12    30.98     0.12    50.36     0.07 
       2        2        0    35.38     1.05    36.54     1.30    48.50     0.08    28.43     0.08    30.36     0.07    50.36     0.23 
       3        3        0    34.15     0.78    36.55     1.33    45.99     5.49    28.63     0.10    30.69     0.18    50.37     0.15 
       4        4        0    36.18     1.16    37.80     0.96    48.80     0.10    28.47     0.12    30.44     0.13    50.38     0.12 
       5        5        0    34.10     1.98    37.03     1.20    48.75     0.15    28.51     0.11    30.79     0.27    50.43     0.09 
       6        6        0    36.22     0.62    37.61     1.15    49.25     0.12    28.55     0.05    30.54     0.33    50.32     0.12 
       7        7        0    36.10     1.07    36.89     1.38    49.51     0.15    28.43     0.06    30.66     0.39    50.40     0.09 
       8        8        0    34.70     1.24    37.23     0.80    49.44     0.06    28.51     0.08    31.10     0.32    50.21     0.14 
       9        9        0    39.10     3.59    37.95     1.30    49.64     0.14    28.52     0.12    30.90     0.35    50.36     0.19 
      10       10        0    37.05     2.17    38.14     1.37    49.77     0.25    28.60     0.19    31.33     0.27    50.57     0.13 
      11       11        0    37.69     1.94    37.75     1.33    49.79     0.17    28.60     0.06    30.72     0.32    50.36     0.09 
      13       13        0    34.17     0.48    39.31     0.36    49.89     0.11    28.64     0.14    31.13     0.32    50.31     0.22 
      15       15        0    31.74     0.14    38.60     1.32    50.33     0.12    28.89     0.09    31.33     0.19    50.30     0.20 
      17       17        0    30.11     0.50    39.38     0.84    50.65     0.12    29.23     0.08    32.10     0.40    49.95     0.33 
      19       19        0    29.37     0.55    40.72     1.50    51.06     0.13    29.52     0.12    32.34     0.49    49.90     0.48 
      21       21        0    28.58     0.53    42.96     1.14    51.35     0.16    31.03     0.10    33.42     0.21    50.13     0.32 
      23       23        0    27.56     0.64    43.60     0.89    52.44     0.12    40.92     0.41    39.81     0.22    49.85     0.29 
      25       25        0    26.75     0.34    44.82     0.77    52.52     0.08    44.41     0.30    43.25     0.21    50.05     0.29 
      27       27        0    26.23     0.54    46.81     0.80    52.74     0.23    46.63     0.11    41.29     0.05    50.13     0.09 
      29       29        0    27.09     3.04    51.31     0.91    52.88     0.13    46.59     1.24    38.60     0.07    50.32     0.33 
      39       39        0    23.43     2.99    24.82     0.19    38.82     0.01    35.08     0.01    26.66     0.02    37.67     0.08 
      49       49        0    17.86     0.30    18.85     0.02    27.11     0.05    19.71     0.01    24.78     0.02    27.15     0.02 
      59       59        0    17.01     0.19    18.47     0.34    25.20     0.01    19.05     0.01    23.14     0.02    25.20     0.03 
      79       79        0    15.60     0.18    16.60     0.06    22.02     0.02    17.50     0.03    20.42     0.01    22.04     0.03 
      99       99        0    14.27     0.08    14.79     0.11    19.54     0.03    16.09     0.02    18.28     0.02    19.55     0.03 
     119      119        0    12.77     0.15    13.34     0.04    17.59     0.01    14.08     0.06    16.56     0.00    17.58     0.02 
     139      139        0    11.46     0.04    12.17     0.03    15.99     0.01    12.44     0.02    15.12     0.01    15.98     0.02 
     169      169        0    10.38     0.10    10.92     0.06    14.05     0.02    11.07     0.04    13.38     0.00    14.06     0.01 
     204      204        0     9.41     0.07     9.76     0.05    12.30     0.01     9.77     0.03    11.80     0.00    12.33     0.01 
