./run-tests.py --trials 5 -M --spin-min 0 --num-points 30 -S ptriangle
       P        C    delta       lq      std      llq      std      blq      std      ffq      std     iffq      std    biffq      std 
       0        0        0    35.80     1.14    36.88     0.98    48.10     0.05    28.58     0.09    30.27     0.12    50.31     0.05 
       1        0        1    36.24     0.76    35.41     0.95    48.03     0.16    28.50     0.05    30.33     0.07    50.50     0.08 
       2        0        2    34.87     1.06    36.02     1.49    48.12     0.17    28.52     0.12    30.33     0.06    50.48     0.17 
       3        0        3    36.47     0.23    35.54     1.22    48.07     0.10    28.60     0.03    30.37     0.18    50.53     0.12 
       4        0        4    35.70     1.05    35.95     1.33    47.94     0.10    28.65     0.06    30.30     0.19    50.57     0.20 
       5        0        5    35.87     1.19    36.41     1.47    47.93     0.08    28.59     0.12    30.27     0.16    50.56     0.12 
       6        0        6    35.43     1.04    36.31     1.34    47.98     0.08    28.66     0.07    30.52     0.05    50.43     0.15 
       7        0        7    34.59     0.35    37.29     0.33    47.94     0.15    28.58     0.16    30.22     0.13    50.50     0.10 
       8        0        8    35.12     1.01    35.30     1.34    48.08     0.24    28.62     0.05    30.33     0.24    50.43     0.16 
       9        0        9    35.10     0.76    35.28     1.35    48.02     0.15    28.70     0.06    30.28     0.18    50.64     0.10 
      10        0       10    35.81     1.14    36.28     1.63    47.96     0.05    28.61     0.18    30.40     0.13    50.57     0.05 
      11        0       11    36.65     0.25    37.14     1.06    47.94     0.11    28.67     0.10    30.36     0.15    50.51     0.17 
      13        0       13    35.24     1.30    36.41     1.45    48.01     0.10    28.67     0.08    30.19     0.11    50.59     0.16 
      15        0       15    35.64     1.19    37.32     0.41    47.96     0.08    28.75     0.10    30.26     0.09    50.51     0.14 
      17        0       17    35.82     1.37    34.96     1.52    48.08     0.21    28.70     0.07    30.24     0.17    50.65     0.11 
      19        0       19    34.95     0.93    35.22     0.94    48.10     0.29    28.70     0.05    30.34     0.19    50.41     0.08 
      21        0       21    35.55     0.94    36.67     1.29    47.98     0.09    28.73     0.14    30.26     0.13    50.51     0.23 
      23        0       23    35.60     0.96    35.95     1.39    48.05     0.08    28.73     0.07    30.20     0.14    50.53     0.04 
      25        0       25    36.07     1.07    36.28     1.69    47.90     0.09    28.72     0.06    30.28     0.15    50.46     0.15 
      27        0       27    35.87     0.88    35.87     1.66    48.01     0.18    28.72     0.06    30.18     0.15    50.50     0.16 
      29        0       29    36.05     0.89    37.06     1.05    47.91     0.07    28.68     0.04    30.30     0.11    50.35     0.20 
      39        0       39    29.94     0.76    36.34     1.39    42.64     0.01    28.74     0.08    26.57     0.04    37.77     0.03 
      49        0       49    26.05     0.23    29.71     0.03    30.97     0.02    28.55     0.03    24.74     0.02    30.49     0.02 
      59        0       59    24.61     0.23    27.37     0.14    28.43     0.02    27.43     0.07    23.09     0.03    27.91     0.01 
      79        0       79    21.97     0.51    22.92     0.21    24.43     0.04    23.38     0.01    20.40     0.01    24.02     0.00 
      99        0       99    19.06     0.59    19.86     0.18    21.45     0.02    20.60     0.04    18.27     0.01    21.11     0.01 
     119        0      119    17.44     0.62    17.91     0.11    19.11     0.00    18.59     0.02    16.55     0.01    18.83     0.00 
     139        0      139    16.13     0.27    16.44     0.03    17.22     0.01    16.72     0.01    15.11     0.01    16.99     0.01 
     169        0      169    14.61     0.30    14.46     0.13    15.00     0.00    14.66     0.01    13.35     0.03    14.82     0.01 
     204        0      204    12.35     0.23    11.78     0.16    13.04     0.00    12.04     0.02    11.79     0.01    12.90     0.00 
