./run-tests.py -M --spin-min 2 --num-points 29 -S ctriangle
       P        C    delta       lq      std      llq      std      blq      std      ffq      std     iffq      std    biffq      std 
       2        2        0    19.08     0.41    19.06     0.48    29.99     0.06    21.20     0.08    30.80     0.06    30.67     0.03 
       2        3       -1    18.99     0.81    19.27     0.11    30.02     0.14    21.16     0.07    30.81     0.07    30.70     0.05 
       2        4       -2    19.12     0.71    19.30     0.55    29.97     0.08    21.20     0.05    30.82     0.05    30.65     0.09 
       2        5       -3    19.35     0.59    19.26     0.13    29.92     0.08    21.15     0.04    30.79     0.07    30.64     0.06 
       2        6       -4    19.12     0.53    19.59     0.62    30.01     0.09    21.16     0.02    30.80     0.05    30.68     0.05 
       2        7       -5    19.61     0.51    19.41     0.64    29.96     0.04    21.18     0.06    30.84     0.10    30.70     0.07 
       2        8       -6    19.43     0.55    19.67     0.62    30.01     0.09    21.17     0.05    30.78     0.04    30.68     0.03 
       2        9       -7    19.15     0.56    19.58     0.58    29.90     0.05    21.14     0.04    30.84     0.06    30.64     0.06 
       2       10       -8    18.75     0.64    19.30     0.56    29.99     0.08    21.13     0.13    30.77     0.10    30.69     0.02 
       2       11       -9    19.20     0.92    19.58     0.62    29.91     0.01    21.17     0.07    30.75     0.07    30.58     0.08 
       2       12      -10    19.17     0.90    19.27     0.53    29.94     0.06    21.15     0.07    30.81     0.08    30.71     0.04 
       2       13      -11    18.88     0.70    19.22     0.45    29.93     0.03    21.11     0.04    30.80     0.06    30.68     0.04 
       2       15      -13    18.92     0.77    19.54     0.64    29.96     0.04    21.14     0.03    30.76     0.08    30.64     0.07 
       2       17      -15    19.41     0.55    19.16     0.23    29.95     0.02    21.14     0.07    30.73     0.04    30.66     0.05 
       2       19      -17    18.69     1.05    19.47     0.68    29.92     0.05    21.06     0.03    30.72     0.06    30.61     0.07 
       2       21      -19    18.83     0.38    19.33     0.48    29.59     0.28    20.96     0.04    28.79     0.16    28.97     0.28 
       2       23      -21    18.77     0.42    19.18     0.58    27.87     0.16    20.92     0.07    27.71     0.16    27.73     0.10 
       2       25      -23    17.95     0.80    18.97     0.67    25.74     0.10    20.76     0.04    24.77     0.09    24.84     0.11 
       2       27      -25    17.83     0.55    19.12     0.55    24.07     0.06    20.34     0.06    23.86     0.11    23.90     0.09 
       2       29      -27    17.40     0.41    18.74     0.29    23.50     0.04    19.77     0.03    23.06     0.09    23.08     0.15 
       2       31      -29    17.32     0.50    19.41     0.58    22.73     0.06    19.61     0.02    22.74     0.05    22.91     0.12 
       2       41      -39    16.59     0.32    17.72     0.05    18.28     0.05    17.67     0.01    17.80     0.06    17.83     0.05 
       2       51      -49    13.56     0.35    15.09     0.03    15.47     0.02    14.91     0.01    15.31     0.01    15.31     0.02 
       2       61      -59    12.14     0.24    12.81     0.03    13.39     0.04    12.91     0.02    13.32     0.04    13.33     0.01 
       2       81      -79    10.38     0.04    10.41     0.01    10.48     0.00    10.35     0.01    10.33     0.01    10.33     0.02 
       2      101      -99     8.60     0.04     8.58     0.03     8.72     0.02     8.52     0.01     8.57     0.02     8.57     0.01 
       2      121     -119     7.32     0.03     7.33     0.00     7.46     0.00     7.27     0.00     7.43     0.00     7.43     0.00 
       2      141     -139     6.37     0.04     6.37     0.00     6.39     0.00     6.34     0.00     6.32     0.00     6.32     0.00 
       2      171     -169     5.31     0.01     5.33     0.00     5.41     0.01     5.31     0.00     5.34     0.01     5.34     0.01 
