./run-tests.py -vw --duration 5 --max-trials 3 --step 10 --spin-min 0 --num-points 10 -S square
  P   C     lq.T    llq.T    blq.T    ffq.T   iffq.T  biffq.T     lq.P    llq.P    blq.P    ffq.P   iffq.P  biffq.P     lq.C    llq.C    blq.C    ffq.C   iffq.C  biffq.C 
  0   0   115.81   120.96   695.86   186.40   264.55   257.38     0.64     0.50     0.16     0.29     0.16     0.16     0.63     0.47     0.16     0.33     0.26     0.26 
  0  10    28.70    34.59    41.20    33.64    40.16    40.02     1.99     1.16     0.17     0.80     0.16     0.16     1.99     1.16     0.17     0.84     0.26     0.26 
  0  20    26.14    29.23    31.69    28.02    31.22    31.19     2.13     1.37     0.16     1.03     0.16     0.16     2.13     1.37     0.16     1.08     0.26     0.26 
  0  30    22.14    23.80    25.45    22.99    24.98    25.04     2.29     1.44     0.16     1.20     0.16     0.16     2.29     1.44     0.16     1.34     0.26     0.26 
  0  40    17.98    18.93    18.43    18.49    18.21    18.16     2.43     1.50     0.16     1.31     0.16     0.16     2.43     1.50     0.16     1.50     0.26     0.26 
  0  50    14.73    16.03    16.02    15.34    15.79    15.80     2.25     1.53     0.17     1.87     0.16     0.16     2.25     1.53     0.17     1.54     0.26     0.26 
  0  60    13.32    13.61    14.25    13.48    14.01    14.01     2.12     1.67     0.17     2.00     0.16     0.16     2.12     1.67     0.17     1.83     0.26     0.26 
  0  70    11.56    12.09    12.34    12.17    12.15    12.16     2.43     1.84     0.17     2.00     0.16     0.16     2.43     1.84     0.17     2.00     0.26     0.26 
  0  80    10.32    10.83    10.73    10.69    10.60    10.61     2.85     1.88     0.17     2.01     0.16     0.16     2.86     1.88     0.17     2.01     0.26     0.26 
  0  90     9.77     9.79     9.86     9.64     9.78     9.76     2.88     1.88     0.17     2.00     0.16     0.16     2.88     1.88     0.17     2.00     0.26     0.26 
 10   0    33.44    42.97    42.96    32.94    42.38    40.90     1.61     0.51     0.17     0.88     0.43     0.16     1.61     0.51     0.17     0.83     0.54     0.26 
 10  10    29.20    37.74    41.24    41.10    40.11    40.02     1.91     0.66     0.17     0.26     0.16     0.16     1.90     0.65     0.17     0.26     0.26     0.26 
 10  20    27.81    28.90    31.69    27.97    31.25    31.15     1.93     1.29     0.16     1.02     0.16     0.16     1.93     1.29     0.16     1.07     0.26     0.26 
 10  30    22.22    23.70    25.44    22.96    25.07    25.08     2.58     1.48     0.16     1.20     0.16     0.17     2.58     1.48     0.17     1.32     0.26     0.26 
 10  40    17.89    18.60    18.42    18.53    18.15    18.19     2.51     1.51     0.17     1.30     0.16     0.16     2.51     1.51     0.17     1.50     0.26     0.26 
 10  50    12.67    16.15    16.03    15.34    15.78    15.81     2.62     1.52     0.16     1.88     0.16     0.16     2.62     1.52     0.16     1.55     0.26     0.26 
 10  60    13.11    13.57    14.24    13.47    14.02    14.01     2.21     1.75     0.17     2.00     0.16     0.16     2.21     1.75     0.17     1.84     0.26     0.26 
 10  70    11.57    12.10    12.28    12.21    12.16    11.78     2.62     1.84     0.17     2.00     0.16     0.16     2.62     1.84     0.17     2.00     0.26     0.26 
 10  80    10.17    10.86    10.73    10.72    10.60    10.62     2.85     1.88     0.16     2.00     0.16     0.16     2.85     1.88     0.17     2.00     0.26     0.26 
 10  90     9.75     9.79     9.88     9.62     9.78     9.77     2.88     1.88     0.16     2.00     0.16     0.16     2.88     1.88     0.16     2.00     0.26     0.26 
 20   0    30.07    32.28    32.28    27.19    31.92    31.00     1.86     1.06     0.16     1.11     0.85     0.16     1.86     1.06     0.16     1.07     0.96     0.26 
 20  10    29.51    32.29    32.28    27.20    31.95    31.00     1.79     0.82     0.17     1.10     0.70     0.16     1.79     0.82     0.17     1.06     0.80     0.26 
 20  20    28.14    28.87    31.67    31.90    31.17    31.01     1.78     1.18     0.16     0.27     0.16     0.16     1.78     1.18     0.16     0.26     0.26     0.26 
 20  30    21.82    23.59    25.50    22.69    25.04    25.08     2.65     1.50     0.16     1.22     0.16     0.16     2.65     1.50     0.16     1.31     0.26     0.26 
 20  40    17.88    18.54    18.42    18.54    18.13    18.15     2.64     1.56     0.16     1.26     0.16     0.16     2.64     1.56     0.17     1.48     0.26     0.26 
 20  50    13.55    16.10    16.04    15.34    15.77    15.79     2.47     1.51     0.17     1.86     0.16     0.16     2.47     1.51     0.17     1.49     0.26     0.26 
 20  60    12.92    13.55    14.27    13.46    14.00    14.02     2.22     1.71     0.17     2.00     0.17     0.17     2.22     1.72     0.17     1.83     0.26     0.26 
 20  70    11.63    12.03    12.01    12.24    12.14    11.96     2.37     1.82     0.17     2.00     0.16     0.16     2.37     1.82     0.17     2.00     0.26     0.26 
 20  80    10.63    10.82    10.73    10.69    10.61    10.60     2.88     1.88     0.17     2.00     0.16     0.16     2.88     1.88     0.17     2.00     0.26     0.26 
 20  90     9.73     9.80     9.88     9.63     9.77     9.77     2.88     1.88     0.16     2.00     0.16     0.16     2.88     1.89     0.17     2.01     0.26     0.26 
 30   0    22.78    25.84    25.82    22.60    25.61    25.00     2.44     1.75     0.16     1.35     1.01     0.16     2.44     1.75     0.16     1.23     1.11     0.26 
 30  10    22.89    25.83    25.83    22.64    25.59    25.01     2.52     1.68     0.16     1.33     0.98     0.16     2.52     1.68     0.16     1.23     1.09     0.26 
 30  20    22.82    25.84    25.82    22.65    25.60    25.00     2.46     1.52     0.16     1.30     0.94     0.16     2.46     1.52     0.16     1.24     1.04     0.26 
 30  30    21.95    24.15    25.42    25.51    25.00    25.00     2.24     1.01     0.16     0.28     0.17     0.16     2.24     1.01     0.16     0.27     0.27     0.26 
 30  40    18.09    18.72    18.42    18.48    18.20    18.12     2.67     1.54     0.16     1.23     0.17     0.16     2.67     1.54     0.17     1.48     0.26     0.26 
 30  50    12.85    15.91    16.05    15.28    15.79    15.77     2.67     1.54     0.16     1.74     0.16     0.16     2.67     1.54     0.16     1.50     0.26     0.26 
 30  60    12.81    13.60    14.26    13.42    14.01    14.01     2.32     1.65     0.17     2.00     0.16     0.16     2.32     1.65     0.17     1.78     0.26     0.26 
 30  70    11.57    12.04    12.29    12.23    11.79    11.96     2.61     1.84     0.16     2.00     0.16     0.16     2.61     1.84     0.16     2.00     0.26     0.26 
 30  80    10.11    10.83    10.73    10.69    10.60    10.61     2.84     1.88     0.16     2.01     0.16     0.16     2.84     1.88     0.16     2.01     0.26     0.26 
 30  90     9.74     9.73     9.87     9.62     9.76     9.76     2.88     1.88     0.17     2.00     0.16     0.16     2.88     1.88     0.17     2.00     0.26     0.26 
 40   0    19.16    18.49    18.44    18.55    18.44    18.13     2.85     2.00     0.16     1.49     1.03     0.16     2.85     2.00     0.16     1.20     1.13     0.26 
 40  10    18.59    18.48    18.44    18.52    18.44    18.12     2.78     2.00     0.17     1.50     1.03     0.16     2.78     2.00     0.17     1.20     1.13     0.26 
 40  20    18.86    18.49    18.44    18.47    18.44    18.12     2.85     2.00     0.16     1.46     1.03     0.16     2.85     2.00     0.17     1.23     1.13     0.26 
 40  30    19.28    18.49    18.44    18.55    18.44    18.13     2.63     1.94     0.16     1.47     1.02     0.16     2.63     1.94     0.16     1.12     1.12     0.26 
 40  40    18.32    18.48    18.41    18.27    18.19    18.10     2.68     0.24     0.17     1.11     0.16     0.16     2.68     0.24     0.17     1.12     0.26     0.26 
 40  50    13.22    15.83    16.03    15.32    15.82    15.80     2.72     1.54     0.16     1.60     0.16     0.16     2.72     1.54     0.17     1.47     0.26     0.26 
 40  60    11.91    13.52    14.26    13.41    14.01    14.00     2.64     1.69     0.16     1.87     0.16     0.16     2.64     1.69     0.16     1.69     0.26     0.26 
 40  70    11.52    12.04    12.57    12.12    12.16    11.97     2.64     1.84     0.16     2.00     0.17     0.16     2.64     1.84     0.16     2.00     0.26     0.26 
 40  80    10.64    10.85    10.73    10.70    10.62    10.60     2.88     1.88     0.17     2.00     0.16     0.16     2.88     1.88     0.17     2.00     0.26     0.26 
 40  90     9.70     9.71     9.87     9.62     9.77     9.77     2.88     1.88     0.17     2.00     0.17     0.17     2.88     1.88     0.17     2.00     0.26     0.26 
 50   0    16.56    16.17    16.13    15.84    16.13    15.85     3.00     2.01     0.16     1.45     1.03     0.16     3.00     2.01     0.16     1.83     1.14     0.26 
 50  10    16.43    16.16    16.13    15.83    16.13    15.86     3.00     2.01     0.16     1.44     1.03     0.16     3.00     2.01     0.16     1.84     1.14     0.26 
 50  20    16.53    16.16    16.13    15.80    16.13    15.85     2.95     2.01     0.16     1.45     1.03     0.16     2.95     2.01     0.16     1.75     1.13     0.26 
 50  30    16.24    16.17    16.13    15.73    16.13    15.84     2.90     2.00     0.17     1.41     1.03     0.16     2.90     2.00     0.17     1.76     1.13     0.26 
 50  40    16.09    16.16    16.13    15.70    16.13    15.86     2.70     2.00     0.16     1.43     1.02     0.16     2.70     2.00     0.17     1.53     1.12     0.26 
 50  50    14.92    15.97    16.03    15.40    15.78    15.78     2.52     0.88     0.17     1.38     0.16     0.16     2.52     0.88     0.17     1.37     0.26     0.26 
 50  60    12.28    13.53    14.24    13.41    14.03    14.02     2.65     1.67     0.16     1.81     0.16     0.16     2.65     1.67     0.17     1.66     0.26     0.26 
 50  70    11.66    12.12    12.30    12.02    12.14    12.17     2.81     1.86     0.16     2.00     0.16     0.16     2.81     1.86     0.17     1.90     0.26     0.26 
 50  80    10.76    10.85    10.74    10.72    10.61    10.60     2.88     1.88     0.16     2.00     0.16     0.16     2.88     1.88     0.17     2.00     0.26     0.26 
 50  90     9.72     9.75     9.87     9.62     9.77     9.77     2.88     1.88     0.17     2.00     0.16     0.16     2.88     1.88     0.17     2.01     0.26     0.26 
 60   0    14.29    14.37    14.34    13.57    14.30    14.11     2.50     2.01     0.16     1.79     1.03     0.16     2.50     2.01     0.17     2.00     1.13     0.26 
 60  10    14.14    14.37    14.34    13.55    14.31    14.11     2.50     2.01     0.16     1.80     1.03     0.16     2.50     2.01     0.16     2.00     1.14     0.26 
 60  20    14.13    14.37    14.34    13.54    14.30    14.10     2.50     2.01     0.17     1.80     1.03     0.16     2.50     2.01     0.17     2.00     1.13     0.26 
 60  30    14.25    14.37    14.34    13.46    14.31    14.11     2.39     2.00     0.16     1.76     1.03     0.16     2.39     2.01     0.16     2.00     1.13     0.26 
 60  40    14.10    14.37    14.34    13.51    14.30    14.11     2.44     2.00     0.16     1.66     1.03     0.16     2.44     2.01     0.16     1.92     1.13     0.26 
 60  50    14.18    14.37    14.34    13.51    14.30    14.10     2.54     1.99     0.17     1.62     1.03     0.16     2.54     1.99     0.17     1.82     1.13     0.26 
 60  60    13.54    13.61    14.25    14.15    14.01    14.01     2.32     1.47     0.16     0.57     0.16     0.16     2.32     1.47     0.16     0.55     0.26     0.26 
 60  70    11.64    12.05    12.32    11.99    11.78    11.99     2.74     1.80     0.16     1.94     0.16     0.16     2.74     1.80     0.17     1.83     0.26     0.26 
 60  80    10.80    10.85    10.73    10.68    10.60    10.62     2.88     1.88     0.17     2.00     0.16     0.16     2.88     1.88     0.17     1.99     0.26     0.26 
 60  90     9.74     9.75     9.88     9.64     9.77     9.78     2.88     1.88     0.17     2.00     0.16     0.16     2.88     1.89     0.17     2.00     0.26     0.26 
 70   0    11.73    12.53    12.89    12.13    12.07    12.31     2.77     2.01     0.17     1.99     1.03     0.16     2.77     2.01     0.17     2.00     1.14     0.26 
 70  10    11.91    12.15    12.90    12.12    12.07    12.68     2.72     2.01     0.16     2.00     1.03     0.16     2.72     2.01     0.16     2.00     1.13     0.26 
 70  20    11.71    12.54    12.13    12.07    11.75    12.34     2.71     2.01     0.16     2.00     1.03     0.16     2.71     2.01     0.17     2.00     1.13     0.26 
 70  30    11.46    12.93    12.51    12.12    12.38    12.70     2.77     2.01     0.16     1.99     1.03     0.16     2.77     2.01     0.16     2.00     1.14     0.26 
 70  40    11.68    12.54    12.51    12.10    12.70    11.97     2.64     2.01     0.16     1.98     1.03     0.16     2.64     2.01     0.17     2.00     1.14     0.26 
 70  50    11.70    12.15    12.89    12.10    12.70    12.33     2.71     2.01     0.17     1.99     1.03     0.16     2.71     2.01     0.17     2.00     1.13     0.26 
 70  60    11.87    12.93    12.89    12.09    12.70    12.32     2.78     1.97     0.17     1.93     1.03     0.16     2.78     1.97     0.17     2.00     1.13     0.26 
 70  70    11.71    12.38    12.62    12.41    11.95    12.14     2.51     0.25     0.16     0.71     0.16     0.16     2.51     0.25     0.17     0.70     0.26     0.26 
 70  80    10.70    10.81    10.73    10.63    10.60    10.61     2.86     1.88     0.17     1.98     0.16     0.16     2.86     1.88     0.17     1.94     0.26     0.26 
 70  90     9.72     9.78     9.88     9.63     9.78     9.77     2.88     1.88     0.16     2.00     0.16     0.16     2.88     1.88     0.17     2.01     0.26     0.26 
 80   0    11.03    10.78    10.77    11.01    10.77    10.66     3.00     2.01     0.17     2.00     1.04     0.16     3.00     2.01     0.17     2.00     1.13     0.26 
 80  10    10.86    10.78    10.77    11.02    10.77    10.66     2.99     2.01     0.17     2.00     1.03     0.16     2.99     2.01     0.17     2.00     1.14     0.26 
 80  20    10.90    10.78    10.77    11.02    10.77    10.66     2.99     2.00     0.16     2.00     1.03     0.16     2.99     2.01     0.16     2.00     1.14     0.26 
 80  30    10.95    10.78    10.77    11.01    10.77    10.66     2.88     2.00     0.17     2.00     1.03     0.16     2.88     2.01     0.17     2.00     1.14     0.26 
 80  40    10.83    10.78    10.77    11.04    10.77    10.65     2.95     2.00     0.17     2.00     1.03     0.16     2.95     2.01     0.17     2.00     1.13     0.26 
 80  50    10.91    10.78    10.77    11.02    10.77    10.66     2.86     2.01     0.16     2.00     1.03     0.16     2.86     2.01     0.17     2.01     1.14     0.26 
 80  60    10.79    10.78    10.77    10.98    10.77    10.66     2.86     2.00     0.17     2.00     1.03     0.16     2.86     2.01     0.17     2.00     1.13     0.26 
 80  70    10.89    10.78    10.77    10.99    10.77    10.66     2.93     2.00     0.16     1.98     1.03     0.16     2.93     2.00     0.16     2.00     1.14     0.26 
 80  80    10.87    10.77    10.73    10.67    10.60    10.61     2.69     1.39     0.17     0.32     0.16     0.16     2.69     1.39     0.17     0.32     0.26     0.26 
 80  90     9.68     9.75     9.88     9.61     9.77     9.76     2.88     1.88     0.16     2.00     0.16     0.16     2.88     1.88     0.17     2.00     0.26     0.26 
 90   0     9.73     9.95     9.94     9.70     9.93     9.83     3.00     2.01     0.17     2.00     1.03     0.16     3.00     2.01     0.17     2.00     1.14     0.26 
 90  10     9.74     9.95     9.94     9.67     9.93     9.83     3.00     2.01     0.16     2.00     1.03     0.16     3.00     2.01     0.17     2.00     1.13     0.26 
 90  20     9.73     9.95     9.94     9.74     9.92     9.83     3.00     2.01     0.16     2.00     1.03     0.16     3.00     2.01     0.17     2.00     1.14     0.26 
 90  30     9.98     9.95     9.94     9.68     9.93     9.83     2.93     2.01     0.16     2.00     1.03     0.16     2.93     2.01     0.17     2.00     1.13     0.26 
 90  40     9.74     9.95     9.94     9.70     9.93     9.83     2.99     2.01     0.17     2.00     1.03     0.16     3.00     2.01     0.17     2.00     1.14     0.26 
 90  50     9.74     9.95     9.94     9.68     9.92     9.82     2.97     2.01     0.17     2.00     1.03     0.16     2.98     2.01     0.17     2.00     1.14     0.26 
 90  60     9.70     9.95     9.94     9.71     9.93     9.83     2.93     2.01     0.16     2.00     1.03     0.16     2.94     2.01     0.16     2.00     1.14     0.26 
 90  70     9.70     9.95     9.93     9.68     9.92     9.83     2.99     2.01     0.17     2.00     1.03     0.16     2.99     2.01     0.17     2.00     1.14     0.26 
 90  80     9.58     9.95     9.94     9.70     9.93     9.83     2.98     2.00     0.17     1.99     1.03     0.16     2.99     2.00     0.17     2.00     1.14     0.26 
 90  90     9.71     9.78     9.88     9.60     9.76     9.77     2.62     1.10     0.17     1.44     0.16     0.16     2.62     1.11     0.17     1.46     0.26     0.26 
