./run-tests.py -vw -H --duration 5 --max-trials 3 --step 10 --spin-min 0 --num-points 10 -S square -M
  P   C     lq.T    llq.T    blq.T    ffq.T   iffq.T  biffq.T     lq.P    llq.P    blq.P    ffq.P   iffq.P  biffq.P     lq.C    llq.C    blq.C    ffq.C   iffq.C  biffq.C 
  0   0    26.01    25.62    50.59    29.09    31.08    49.71     3.46     2.74     1.17     2.10     1.93     1.16     4.29     3.45     1.22     2.57     2.37     1.48 
  0  10    19.91    27.51    28.74    21.04    28.33    28.43     3.57     2.19     1.28     2.46     1.21     1.23     4.15     2.93     2.01     3.19     2.07     2.07 
  0  20    20.49    27.09    28.90    21.23    28.29    28.23     3.54     2.19     1.28     2.46     1.21     1.23     4.11     2.91     2.00     3.20     2.07     2.06 
  0  30    18.68    22.74    23.15    19.98    22.51    22.54     3.72     2.25     1.28     2.56     1.21     1.23     4.26     2.90     1.94     3.22     2.06     2.06 
  0  40    16.86    19.44    19.12    18.10    18.76    18.75     3.49     2.25     1.28     2.52     1.21     1.24     4.09     2.91     1.94     3.23     2.05     2.06 
  0  50    14.82    16.01    15.57    15.53    15.80    15.78     3.36     2.25     1.29     2.88     1.21     1.23     3.93     2.87     1.93     3.18     2.06     2.06 
  0  60    12.63    13.58    13.67    13.29    13.51    13.51     3.47     2.27     1.29     3.13     1.21     1.25     4.04     2.88     1.97     3.41     2.06     2.07 
  0  70    11.71    12.21    12.25    11.90    12.01    12.08     3.82     2.26     1.29     3.18     1.22     1.25     4.42     2.94     1.99     3.59     2.06     2.06 
  0  80    10.68    10.93    10.77    10.75    10.75    10.76     4.00     2.27     1.30     3.21     1.22     1.25     4.62     2.90     1.96     3.61     2.07     2.07 
  0  90     9.60     9.61     9.66     9.65     9.48     9.49     4.01     2.27     1.29     3.22     1.22     1.26     4.62     2.86     2.00     3.62     2.06     2.06 
 10   0    20.35    27.39    28.92    21.25    28.34    28.35     3.53     2.14     1.28     2.46     1.21     1.21     4.12     2.87     2.00     3.21     2.06     2.07 
 10  10    20.36    27.45    28.78    21.10    28.49    28.31     3.54     2.15     1.28     2.46     1.21     1.22     4.14     2.88     1.99     3.20     2.07     2.08 
 10  20    19.97    27.16    28.89    21.12    28.46    28.39     3.54     2.13     1.28     2.46     1.20     1.22     4.12     2.86     2.00     3.20     2.07     2.07 
 10  30    18.57    22.77    23.23    19.83    22.53    22.47     3.70     2.24     1.28     2.56     1.21     1.23     4.26     2.89     1.95     3.23     2.06     2.06 
 10  40    16.72    19.40    19.07    18.11    18.80    18.81     3.53     2.26     1.28     2.52     1.21     1.22     4.13     2.92     1.94     3.23     2.06     2.06 
 10  50    14.81    16.09    15.57    15.52    15.82    15.78     3.34     2.25     1.29     2.88     1.21     1.24     3.92     2.89     1.94     3.19     2.07     2.06 
 10  60    12.75    13.56    13.66    13.31    13.49    13.50     3.50     2.25     1.28     3.13     1.21     1.24     4.09     2.89     1.98     3.41     2.07     2.07 
 10  70    11.59    12.16    12.24    11.92    12.02    12.07     3.64     2.27     1.29     3.18     1.21     1.24     4.22     2.93     1.99     3.61     2.07     2.06 
 10  80    10.63    11.04    10.76    10.80    10.75    10.75     3.99     2.27     1.28     3.22     1.21     1.25     4.62     2.94     1.97     3.61     2.07     2.06 
 10  90     9.62     9.65     9.66     9.64     9.49     9.49     4.01     2.27     1.29     3.22     1.22     1.25     4.60     2.87     2.00     3.61     2.06     2.08 
 20   0    20.25    27.63    28.75    21.58    28.42    28.35     3.50     2.05     1.28     2.40     1.20     1.22     4.11     2.80     2.01     3.15     2.07     2.08 
 20  10    20.22    27.28    28.64    21.45    28.31    28.45     3.50     2.04     1.28     2.40     1.20     1.22     4.10     2.77     2.00     3.15     2.08     2.07 
 20  20    20.25    27.86    28.58    21.59    28.38    28.13     3.50     2.05     1.27     2.40     1.20     1.22     4.10     2.78     2.00     3.16     2.08     2.07 
 20  30    18.46    22.50    23.16    19.97    22.52    22.58     3.69     2.22     1.28     2.51     1.21     1.23     4.27     2.89     1.96     3.24     2.06     2.06 
 20  40    16.80    19.31    19.13    18.07    18.83    18.84     3.52     2.25     1.29     2.52     1.20     1.24     4.12     2.90     1.94     3.23     2.06     2.06 
 20  50    14.55    15.88    15.57    15.59    15.82    15.81     3.41     2.25     1.29     2.78     1.21     1.24     3.99     2.85     1.94     3.18     2.07     2.06 
 20  60    12.74    13.61    13.66    13.26    13.49    13.48     3.53     2.26     1.29     3.11     1.21     1.23     4.12     2.89     1.98     3.40     2.06     2.07 
 20  70    11.63    12.25    12.24    11.96    12.08    12.17     3.87     2.26     1.28     3.15     1.21     1.24     4.48     2.94     2.00     3.59     2.07     2.07 
 20  80    10.69    10.93    10.78    10.85    10.77    10.76     4.00     2.27     1.29     3.18     1.21     1.25     4.62     2.91     1.96     3.62     2.06     2.07 
 20  90     9.60     9.61     9.64     9.62     9.48     9.49     4.01     2.27     1.29     3.22     1.21     1.25     4.61     2.87     2.00     3.62     2.06     2.07 
 30   0    23.02    25.74    25.67    23.59    25.63    25.14     2.98     1.42     1.17     1.92     1.29     1.17     3.79     2.26     2.02     2.70     2.21     2.08 
 30  10    22.87    25.75    25.67    23.67    25.63    25.14     2.99     1.42     1.18     1.90     1.29     1.17     3.80     2.26     2.02     2.70     2.21     2.09 
 30  20    22.41    25.75    25.68    23.61    25.62    25.13     3.07     1.41     1.17     1.91     1.29     1.17     3.89     2.26     2.02     2.70     2.21     2.08 
 30  30    18.63    22.45    23.13    19.91    22.42    22.47     3.68     2.04     1.27     2.47     1.20     1.21     4.26     2.70     1.95     3.17     2.06     2.06 
 30  40    16.75    19.38    19.11    18.10    18.80    18.82     3.63     2.23     1.28     2.47     1.21     1.23     4.22     2.91     1.94     3.22     2.06     2.07 
 30  50    14.28    15.99    15.57    15.56    15.83    15.84     3.52     2.26     1.28     2.73     1.20     1.23     4.09     2.87     1.93     3.19     2.06     2.06 
 30  60    12.62    13.57    13.69    13.25    13.50    13.50     3.56     2.26     1.28     3.07     1.20     1.23     4.13     2.88     1.97     3.38     2.07     2.07 
 30  70    11.64    12.20    12.33    11.94    12.12    12.02     3.84     2.26     1.28     3.13     1.20     1.24     4.42     2.91     2.00     3.61     2.07     2.07 
 30  80    10.66    10.94    10.79    10.79    10.77    10.75     3.99     2.27     1.29     3.16     1.21     1.24     4.62     2.90     1.97     3.63     2.07     2.07 
 30  90     9.59     9.60     9.63     9.59     9.49     9.48     4.00     2.27     1.28     3.21     1.21     1.25     4.60     2.86     1.99     3.63     2.06     2.07 
 40   0    18.45    18.42    18.41    18.42    18.42    18.18     3.62     2.54     1.17     2.49     1.96     1.17     4.45     3.39     2.02     2.99     2.90     2.09 
 40  10    18.64    18.42    18.42    18.40    18.43    18.17     3.66     2.50     1.18     2.49     1.97     1.17     4.50     3.35     2.03     2.98     2.91     2.09 
 40  20    18.20    18.42    18.41    18.42    18.42    18.16     3.66     2.54     1.17     2.49     1.96     1.17     4.50     3.38     2.02     2.98     2.92     2.09 
 40  30    18.72    18.41    18.41    18.43    18.43    18.18     3.53     2.33     1.18     2.51     1.90     1.17     4.37     3.17     2.02     2.96     2.84     2.08 
 40  40    16.99    18.42    18.41    18.01    18.45    18.17     3.71     1.42     1.17     2.03     1.28     1.17     4.31     2.25     2.01     2.74     2.21     2.08 
 40  50    14.15    15.88    15.58    15.54    15.81    15.81     3.65     2.23     1.28     2.64     1.20     1.24     4.20     2.86     1.92     3.19     2.06     2.07 
 40  60    12.48    13.56    13.67    13.23    13.50    13.48     3.73     2.25     1.28     2.93     1.20     1.23     4.29     2.89     1.98     3.35     2.07     2.08 
 40  70    11.62    12.18    12.25    12.03    12.16    12.10     3.77     2.25     1.28     3.10     1.21     1.22     4.37     2.92     2.00     3.62     2.08     2.08 
 40  80    10.70    11.00    10.79    10.79    10.78    10.76     3.99     2.26     1.29     3.11     1.21     1.24     4.61     2.91     1.97     3.67     2.08     2.07 
 40  90     9.61     9.65     9.63     9.66     9.49     9.49     4.00     2.27     1.29     3.15     1.21     1.24     4.61     2.86     2.00     3.63     2.06     2.07 
 50   0    16.07    16.03    16.10    15.88    16.09    15.90     3.81     3.01     1.18     2.49     2.04     1.17     4.68     3.87     2.02     3.40     2.98     2.09 
 50  10    16.09    16.03    16.11    15.90    16.10    15.90     3.83     3.01     1.17     2.48     2.04     1.17     4.70     3.88     2.02     3.35     2.99     2.09 
 50  20    16.31    16.03    16.11    15.95    16.08    15.90     3.83     3.01     1.17     2.48     2.04     1.17     4.70     3.87     2.02     3.34     2.99     2.09 
 50  30    16.34    16.03    16.10    15.59    16.09    15.90     3.84     3.01     1.17     2.44     2.04     1.17     4.71     3.88     2.02     3.57     2.98     2.08 
 50  40    16.21    16.03    16.11    15.65    16.09    15.90     3.81     3.00     1.18     2.45     2.04     1.17     4.68     3.87     2.01     3.43     2.98     2.09 
 50  50    14.92    15.82    15.57    15.55    15.81    15.82     3.71     2.07     1.27     2.49     1.20     1.21     4.29     2.68     1.93     3.09     2.06     2.07 
 50  60    12.47    13.57    13.68    13.20    13.51    13.48     3.74     2.24     1.27     2.89     1.20     1.23     4.31     2.88     1.97     3.35     2.08     2.07 
 50  70    11.67    12.20    12.15    11.82    12.02    12.17     3.85     2.26     1.29     3.07     1.21     1.23     4.43     2.94     1.99     3.55     2.07     2.07 
 50  80    10.74    10.98    10.79    10.83    10.77    10.75     4.00     2.26     1.28     3.11     1.21     1.23     4.61     2.93     1.97     3.66     2.06     2.07 
 50  90     9.61     9.64     9.66     9.63     9.49     9.49     4.00     2.27     1.27     3.14     1.21     1.24     4.62     2.85     2.00     3.65     2.07     2.07 
 60   0    13.97    14.33    14.31    13.33    14.29    14.15     3.53     3.01     1.18     2.79     2.04     1.17     4.41     3.89     2.03     3.90     2.98     2.09 
 60  10    14.13    14.33    14.31    13.34    14.29    14.15     3.53     3.01     1.18     2.79     2.04     1.17     4.41     3.88     2.02     3.90     2.99     2.09 
 60  20    14.11    14.33    14.32    13.34    14.29    14.15     3.52     3.01     1.18     2.78     2.04     1.17     4.39     3.89     2.02     3.88     2.99     2.09 
 60  30    14.38    14.33    14.31    13.28    14.29    14.15     3.52     3.02     1.17     2.76     2.04     1.17     4.40     3.88     2.02     3.88     3.00     2.08 
 60  40    14.15    14.33    14.32    13.25    14.29    14.15     3.53     3.01     1.18     2.70     2.04     1.17     4.39     3.88     2.02     3.86     2.99     2.10 
 60  50    13.73    14.34    14.31    13.28    14.28    14.15     3.61     3.00     1.18     2.62     2.04     1.17     4.48     3.86     2.01     3.72     2.99     2.08 
 60  60    12.42    13.48    13.70    13.19    13.49    13.54     3.73     2.21     1.28     2.73     1.21     1.22     4.30     2.84     1.98     3.23     2.08     2.07 
 60  70    11.36    12.15    12.06    11.94    12.11    12.03     3.72     2.25     1.27     3.03     1.21     1.22     4.32     2.94     1.99     3.55     2.07     2.08 
 60  80    10.85    10.97    10.78    10.73    10.74    10.76     4.00     2.25     1.27     3.08     1.21     1.24     4.62     2.92     1.96     3.67     2.07     2.07 
 60  90     9.61     9.64     9.67     9.62     9.50     9.49     4.00     2.25     1.27     3.11     1.21     1.23     4.60     2.86     1.99     3.68     2.07     2.07 
 70   0    11.93    12.47    12.77    12.04    12.08    12.34     3.73     3.02     1.18     3.01     2.04     1.17     4.60     3.89     2.02     3.89     3.00     2.09 
 70  10    11.58    12.47    12.43    12.00    12.41    11.99     3.76     3.02     1.18     3.01     2.04     1.17     4.62     3.88     2.02     3.88     2.98     2.09 
 70  20    11.61    12.46    12.42    12.03    12.41    12.34     3.74     3.02     1.18     3.01     2.04     1.17     4.60     3.88     2.02     3.89     2.99     2.08 
 70  30    12.05    12.47    12.42    12.00    12.41    11.99     3.70     3.02     1.18     3.01     2.04     1.17     4.57     3.88     2.02     3.89     2.99     2.10 
 70  40    11.60    12.83    12.42    11.91    12.07    11.64     3.74     3.02     1.18     3.00     2.04     1.17     4.61     3.88     2.01     3.89     2.98     2.09 
 70  50    11.96    12.83    12.42    11.94    11.75    11.99     3.76     3.02     1.18     2.98     2.04     1.17     4.63     3.89     2.01     3.89     2.99     2.09 
 70  60    11.74    12.45    12.08    11.93    12.06    11.63     3.77     3.01     1.18     2.88     2.04     1.17     4.64     3.88     2.02     3.85     2.98     2.09 
 70  70    11.75    11.74    12.14    11.75    12.06    11.99     3.60     1.41     1.23     2.64     1.46     1.20     4.29     2.22     2.00     3.38     2.35     2.08 
 70  80    10.72    10.99    10.78    10.68    10.76    10.75     3.93     2.24     1.27     3.04     1.21     1.23     4.55     2.93     1.97     3.63     2.07     2.08 
 70  90     9.62     9.60     9.66     9.59     9.49     9.49     3.99     2.26     1.27     3.08     1.20     1.23     4.61     2.86     2.00     3.71     2.07     2.07 
 80   0    11.00    10.72    10.76    10.92    10.77    10.67     4.02     3.02     1.18     3.01     2.04     1.17     4.89     3.89     2.03     3.89     3.00     2.09 
 80  10    10.85    10.72    10.75    10.92    10.77    10.67     4.01     3.02     1.18     3.01     2.04     1.17     4.88     3.90     2.02     3.90     3.00     2.10 
 80  20    10.78    10.72    10.76    10.92    10.77    10.67     4.01     3.02     1.18     3.01     2.04     1.17     4.88     3.89     2.02     3.89     2.99     2.10 
 80  30    10.80    10.72    10.76    10.91    10.76    10.67     4.01     3.02     1.18     3.02     2.04     1.17     4.87     3.89     2.02     3.90     2.99     2.09 
 80  40    10.86    10.72    10.76    10.93    10.77    10.67     4.01     3.02     1.18     3.01     2.04     1.17     4.88     3.89     2.02     3.89     2.99     2.08 
 80  50    10.86    10.72    10.76    10.93    10.77    10.67     4.00     3.02     1.18     3.01     2.04     1.17     4.88     3.89     2.01     3.88     2.99     2.09 
 80  60    10.78    10.72    10.76    10.89    10.77    10.67     3.92     3.02     1.18     3.01     2.04     1.17     4.78     3.89     2.01     3.88     2.99     2.10 
 80  70    10.86    10.72    10.76    10.87    10.77    10.67     3.96     3.02     1.18     2.97     2.04     1.17     4.82     3.89     2.02     3.87     2.98     2.10 
 80  80    10.65    10.72    10.75    10.65    10.76    10.66     3.93     1.31     1.18     1.94     1.19     1.17     4.71     2.13     2.02     2.64     2.09     2.10 
 80  90     9.61     9.65     9.66     9.62     9.50     9.50     3.98     2.24     1.28     3.08     1.20     1.23     4.60     2.86     1.99     3.71     2.07     2.08 
 90   0     9.79     9.94     9.93     9.66     9.92     9.85     4.02     3.02     1.18     3.02     2.04     1.17     4.88     3.90     2.03     3.90     3.01     2.09 
 90  10     9.66     9.94     9.93     9.72     9.93     9.85     4.01     3.02     1.18     3.01     2.04     1.17     4.88     3.89     2.02     3.90     3.00     2.10 
 90  20     9.87     9.94     9.93     9.71     9.92     9.85     4.02     3.02     1.18     3.02     2.04     1.17     4.89     3.89     2.02     3.90     2.99     2.10 
 90  30     9.96     9.94     9.93     9.70     9.92     9.85     4.02     3.02     1.18     3.01     2.04     1.17     4.89     3.90     2.02     3.89     2.99     2.09 
 90  40     9.87     9.94     9.93     9.71     9.92     9.85     4.02     3.02     1.18     3.02     2.04     1.17     4.89     3.89     2.02     3.90     2.99     2.09 
 90  50     9.80     9.94     9.93     9.68     9.92     9.85     4.02     3.02     1.18     3.01     2.04     1.17     4.88     3.89     2.02     3.88     3.00     2.09 
 90  60     9.80     9.94     9.93     9.69     9.92     9.85     4.00     3.02     1.18     3.01     2.04     1.17     4.86     3.89     2.02     3.88     2.99     2.09 
 90  70     9.87     9.94     9.93     9.68     9.92     9.85     3.98     3.02     1.18     3.01     2.04     1.17     4.85     3.88     2.02     3.88     2.99     2.10 
 90  80     9.77     9.94     9.93     9.68     9.92     9.85     3.99     3.02     1.18     3.01     2.04     1.17     4.84     3.88     2.02     3.87     2.98     2.09 
 90  90     9.59     9.66     9.64     9.52     9.50     9.50     3.96     2.21     1.26     2.57     1.20     1.23     4.57     2.83     1.99     3.17     2.07     2.08 
