./run-tests.py --duration 5 --max-trials 1 --step 10 --spin-min 0 --num-points 10 -S square --Bp 1 --Bc 1
       P        C    ideal       lq      std      llq      std      blq      std      ffq      std     iffq      std    biffq      std 
       0        0  1000.00    99.51     0.00   264.69     0.00   110.46     0.00   195.21     0.00   364.77     0.00    96.99     0.00 
       0       10   100.00    25.53     0.00    30.66     0.00    31.19     0.00    32.75     0.00    41.44     0.00    41.56     0.00 
       0       20    50.00    24.48     0.00    26.77     0.00    26.59     0.00    28.27     0.00    31.43     0.00    31.55     0.00 
       0       30    33.33    19.62     0.00    20.95     0.00    21.46     0.00    22.94     0.00    25.29     0.00    25.31     0.00 
       0       40    25.00    17.71     0.00    18.15     0.00    17.67     0.00    18.34     0.00    18.13     0.00    18.12     0.00 
       0       50    20.00    14.79     0.00    15.66     0.00    15.11     0.00    15.49     0.00    15.85     0.00    15.87     0.00 
       0       60    16.67    13.11     0.00    13.31     0.00    13.33     0.00    13.56     0.00    14.10     0.00    14.11     0.00 
       0       70    14.29    11.47     0.00    11.83     0.00    11.88     0.00    11.73     0.00    11.58     0.00    11.59     0.00 
       0       80    12.50    10.46     0.00    10.59     0.00    10.62     0.00    10.65     0.00    10.62     0.00    10.63     0.00 
       0       90    11.11     9.60     0.00     9.55     0.00     9.54     0.00     9.64     0.00     9.81     0.00     9.82     0.00 
      10        0   100.00    31.56     0.00    42.41     0.00    41.50     0.00    32.77     0.00    42.60     0.00    41.14     0.00 
      10       10   100.00    25.48     0.00    41.75     0.00    41.96     0.00    41.96     0.00    41.57     0.00    41.36     0.00 
      10       20    50.00    24.75     0.00    26.74     0.00    27.25     0.00    28.30     0.00    31.47     0.00    31.50     0.00 
      10       30    33.33    18.10     0.00    21.41     0.00    21.85     0.00    22.82     0.00    25.33     0.00    25.34     0.00 
      10       40    25.00    17.01     0.00    18.01     0.00    17.96     0.00    18.38     0.00    18.16     0.00    18.12     0.00 
      10       50    20.00    15.01     0.00    15.60     0.00    15.09     0.00    15.48     0.00    15.85     0.00    15.86     0.00 
      10       60    16.67    12.53     0.00    13.35     0.00    13.36     0.00    13.52     0.00    14.10     0.00    14.12     0.00 
      10       70    14.29    11.39     0.00    11.89     0.00    11.84     0.00    12.00     0.00    11.58     0.00    11.60     0.00 
      10       80    12.50    10.28     0.00    10.64     0.00    10.57     0.00    10.65     0.00    10.62     0.00    10.64     0.00 
      10       90    11.11     9.69     0.00     9.55     0.00     9.55     0.00     9.67     0.00     9.82     0.00     9.83     0.00 
      20        0    50.00    28.55     0.00    31.54     0.00    31.11     0.00    28.06     0.00    32.02     0.00    31.35     0.00 
      20       10    50.00    29.50     0.00    31.42     0.00    31.68     0.00    28.04     0.00    31.91     0.00    31.30     0.00 
      20       20    50.00    25.14     0.00    28.59     0.00    31.93     0.00    31.92     0.00    31.50     0.00    31.45     0.00 
      20       30    33.33    19.85     0.00    20.98     0.00    21.68     0.00    22.50     0.00    25.29     0.00    25.35     0.00 
      20       40    25.00    16.62     0.00    17.71     0.00    17.96     0.00    18.35     0.00    18.15     0.00    18.13     0.00 
      20       50    20.00    14.49     0.00    15.54     0.00    15.24     0.00    15.60     0.00    15.86     0.00    15.88     0.00 
      20       60    16.67    12.40     0.00    13.64     0.00    13.27     0.00    13.52     0.00    14.09     0.00    14.11     0.00 
      20       70    14.29    11.53     0.00    11.79     0.00    11.85     0.00    11.68     0.00    12.34     0.00    12.40     0.00 
      20       80    12.50    10.47     0.00    10.56     0.00    10.60     0.00    10.66     0.00    10.62     0.00    10.63     0.00 
      20       90    11.11     9.68     0.00     9.59     0.00     9.51     0.00     9.63     0.00     9.81     0.00     9.82     0.00 
      30        0    33.33    22.33     0.00    24.98     0.00    24.32     0.00    22.82     0.00    25.60     0.00    25.26     0.00 
      30       10    33.33    21.91     0.00    25.18     0.00    24.89     0.00    22.82     0.00    25.58     0.00    25.15     0.00 
      30       20    33.33    19.34     0.00    25.26     0.00    24.98     0.00    22.75     0.00    25.62     0.00    25.20     0.00 
      30       30    33.33    19.90     0.00    23.03     0.00    25.50     0.00    25.64     0.00    25.31     0.00    25.30     0.00 
      30       40    25.00    17.23     0.00    17.68     0.00    17.66     0.00    18.31     0.00    18.15     0.00    18.12     0.00 
      30       50    20.00    12.82     0.00    15.48     0.00    15.44     0.00    15.54     0.00    15.88     0.00    15.87     0.00 
      30       60    16.67    12.16     0.00    13.50     0.00    13.34     0.00    13.48     0.00    14.09     0.00    14.11     0.00 
      30       70    14.29    11.37     0.00    11.55     0.00    11.79     0.00    11.93     0.00    12.33     0.00    12.38     0.00 
      30       80    12.50    10.30     0.00    10.64     0.00    10.61     0.00    10.64     0.00    10.62     0.00    10.64     0.00 
      30       90    11.11     9.65     0.00     9.55     0.00     9.54     0.00     9.66     0.00     9.82     0.00     9.83     0.00 
      40        0    25.00    18.05     0.00    18.22     0.00    18.08     0.00    18.30     0.00    18.41     0.00    18.28     0.00 
      40       10    25.00    18.08     0.00    18.27     0.00    18.00     0.00    18.29     0.00    18.39     0.00    18.29     0.00 
      40       20    25.00    18.03     0.00    18.29     0.00    18.11     0.00    18.23     0.00    18.40     0.00    18.29     0.00 
      40       30    25.00    18.69     0.00    18.12     0.00    18.24     0.00    18.19     0.00    18.41     0.00    18.29     0.00 
      40       40    25.00    16.96     0.00    18.41     0.00    18.38     0.00    18.32     0.00    18.11     0.00    18.12     0.00 
      40       50    20.00    12.86     0.00    15.25     0.00    15.22     0.00    15.59     0.00    15.87     0.00    15.87     0.00 
      40       60    16.67    12.04     0.00    13.43     0.00    13.55     0.00    13.60     0.00    14.09     0.00    14.09     0.00 
      40       70    14.29    11.37     0.00    11.51     0.00    11.82     0.00    11.87     0.00    12.32     0.00    12.35     0.00 
      40       80    12.50    10.82     0.00    10.63     0.00    10.41     0.00    10.64     0.00    10.61     0.00    10.63     0.00 
      40       90    11.11     9.59     0.00     9.54     0.00     9.41     0.00     9.70     0.00     9.82     0.00     9.82     0.00 
      50        0    20.00    15.93     0.00    15.81     0.00    15.91     0.00    15.58     0.00    16.12     0.00    16.07     0.00 
      50       10    20.00    15.76     0.00    15.99     0.00    15.64     0.00    15.54     0.00    16.08     0.00    16.07     0.00 
      50       20    20.00    16.44     0.00    15.92     0.00    15.81     0.00    15.53     0.00    16.09     0.00    16.08     0.00 
      50       30    20.00    15.91     0.00    15.94     0.00    15.84     0.00    15.60     0.00    16.10     0.00    16.08     0.00 
      50       40    20.00    16.54     0.00    15.82     0.00    15.81     0.00    15.51     0.00    16.09     0.00    16.07     0.00 
      50       50    20.00    13.46     0.00    16.07     0.00    16.07     0.00    16.10     0.00    15.87     0.00    15.85     0.00 
      50       60    16.67    11.74     0.00    13.23     0.00    13.31     0.00    13.56     0.00    14.11     0.00    14.11     0.00 
      50       70    14.29    11.81     0.00    11.90     0.00    11.51     0.00    11.67     0.00    12.34     0.00    12.38     0.00 
      50       80    12.50    10.57     0.00    10.57     0.00    10.43     0.00    10.64     0.00    10.61     0.00    10.64     0.00 
      50       90    11.11     9.64     0.00     9.60     0.00     9.43     0.00     9.65     0.00     9.81     0.00     9.81     0.00 
      60        0    16.67    13.54     0.00    14.07     0.00    14.03     0.00    13.61     0.00    14.29     0.00    14.18     0.00 
      60       10    16.67    13.69     0.00    14.17     0.00    13.90     0.00    13.62     0.00    14.30     0.00    14.19     0.00 
      60       20    16.67    13.54     0.00    14.12     0.00    13.92     0.00    13.63     0.00    14.30     0.00    14.18     0.00 
      60       30    16.67    13.64     0.00    14.16     0.00    14.04     0.00    13.53     0.00    14.30     0.00    14.18     0.00 
      60       40    16.67    13.67     0.00    14.07     0.00    13.99     0.00    13.52     0.00    14.29     0.00    14.18     0.00 
      60       50    16.67    13.30     0.00    14.13     0.00    13.97     0.00    13.50     0.00    14.31     0.00    14.18     0.00 
      60       60    16.67    12.23     0.00    14.26     0.00    14.29     0.00    14.19     0.00    14.11     0.00    14.10     0.00 
      60       70    14.29    11.20     0.00    11.81     0.00    11.49     0.00    11.87     0.00    12.37     0.00    12.37     0.00 
      60       80    12.50    10.69     0.00    10.60     0.00    10.51     0.00    10.66     0.00    10.62     0.00    10.62     0.00 
      60       90    11.11     9.79     0.00     9.60     0.00     9.47     0.00     9.69     0.00     9.81     0.00     9.82     0.00 
      70        0    14.29    11.37     0.00    12.63     0.00    12.16     0.00    12.11     0.00    12.76     0.00    12.74     0.00 
      70       10    14.29    11.78     0.00    12.54     0.00    11.71     0.00    12.11     0.00    12.74     0.00    11.68     0.00 
      70       20    14.29    11.75     0.00    11.68     0.00    12.16     0.00    12.10     0.00    12.77     0.00    12.69     0.00 
      70       30    14.29    11.49     0.00    11.66     0.00    12.20     0.00    11.95     0.00    11.73     0.00    11.68     0.00 
      70       40    14.29    11.49     0.00    12.54     0.00    12.14     0.00    11.90     0.00    12.76     0.00    12.68     0.00 
      70       50    14.29    11.86     0.00    12.46     0.00    12.20     0.00    12.02     0.00    12.75     0.00    12.69     0.00 
      70       60    14.29    11.88     0.00    12.60     0.00    12.12     0.00    11.92     0.00    12.74     0.00    12.71     0.00 
      70       70    14.29    11.29     0.00    12.13     0.00    12.19     0.00    12.75     0.00    11.59     0.00    12.39     0.00 
      70       80    12.50    10.64     0.00    10.51     0.00    10.43     0.00    10.62     0.00    10.63     0.00    10.58     0.00 
      70       90    11.11     9.62     0.00     9.59     0.00     9.53     0.00     9.70     0.00     9.81     0.00     9.81     0.00 
      80        0    12.50    10.62     0.00    10.65     0.00    10.75     0.00    10.80     0.00    10.76     0.00    10.74     0.00 
      80       10    12.50    10.40     0.00    10.71     0.00    10.69     0.00    10.79     0.00    10.76     0.00    10.74     0.00 
      80       20    12.50    11.09     0.00    10.64     0.00    10.61     0.00    10.79     0.00    10.75     0.00    10.74     0.00 
      80       30    12.50    10.39     0.00    10.71     0.00    10.62     0.00    10.80     0.00    10.75     0.00    10.74     0.00 
      80       40    12.50    10.79     0.00    10.71     0.00    10.64     0.00    10.80     0.00    10.76     0.00    10.74     0.00 
      80       50    12.50    10.47     0.00    10.69     0.00    10.71     0.00    10.74     0.00    10.75     0.00    10.75     0.00 
      80       60    12.50    10.49     0.00    10.67     0.00    10.69     0.00    10.78     0.00    10.75     0.00    10.75     0.00 
      80       70    12.50    10.94     0.00    10.64     0.00    10.64     0.00    10.66     0.00    10.76     0.00    10.74     0.00 
      80       80    12.50    10.47     0.00    10.73     0.00    10.74     0.00    10.52     0.00    10.62     0.00    10.63     0.00 
      80       90    11.11     9.63     0.00     9.57     0.00     9.47     0.00     9.64     0.00     9.80     0.00     9.81     0.00 
      90        0    11.11     9.93     0.00     9.90     0.00     9.81     0.00     9.64     0.00     9.92     0.00     9.85     0.00 
      90       10    11.11     9.60     0.00     9.90     0.00     9.80     0.00     9.63     0.00     9.91     0.00     9.85     0.00 
      90       20    11.11     9.58     0.00     9.90     0.00     9.82     0.00     9.64     0.00     9.92     0.00     9.85     0.00 
      90       30    11.11     9.52     0.00     9.89     0.00     9.78     0.00     9.65     0.00     9.92     0.00     9.85     0.00 
      90       40    11.11     9.81     0.00     9.89     0.00     9.80     0.00     9.65     0.00     9.93     0.00     9.86     0.00 
      90       50    11.11     9.48     0.00     9.85     0.00     9.82     0.00     9.63     0.00     9.92     0.00     9.86     0.00 
      90       60    11.11     9.57     0.00     9.91     0.00     9.80     0.00     9.64     0.00     9.92     0.00     9.86     0.00 
      90       70    11.11     9.90     0.00     9.90     0.00     9.79     0.00     9.64     0.00     9.92     0.00     9.85     0.00 
      90       80    11.11     9.86     0.00     9.89     0.00     9.83     0.00     9.61     0.00     9.92     0.00     9.84     0.00 
      90       90    11.11     9.60     0.00     9.84     0.00     9.92     0.00     9.70     0.00     9.83     0.00     9.82     0.00 
