./run-tests.py -vw --duration 5 --max-trials 3 --step 10 --spin-min 0 --num-points 10 -S square -M --Bp 1 --Bc 1
  P   C     lq.T    llq.T    blq.T    ffq.T   iffq.T  biffq.T     lq.P    llq.P    blq.P    ffq.P   iffq.P  biffq.P     lq.C    llq.C    blq.C    ffq.C   iffq.C  biffq.C 
  0   0    25.94    25.64    23.55    29.22    30.23    27.86     3.45     2.77     2.71     2.12     1.97     1.92     3.82     3.06     2.82     2.19     2.09     2.03 
  0  10    19.52    21.18    19.59    20.37    26.61    26.56     3.54     2.66     2.74     2.56     1.24     1.25     3.36     2.55     2.61     2.52     1.27     1.27 
  0  20    19.15    21.00    19.79    20.39    26.44    26.61     3.59     2.68     2.74     2.55     1.23     1.26     3.41     2.56     2.62     2.52     1.27     1.27 
  0  30    18.15    19.75    18.97    19.83    21.69    21.63     3.65     2.69     2.77     2.61     1.23     1.27     3.47     2.57     2.62     2.52     1.27     1.27 
  0  40    16.75    17.69    17.03    17.71    18.44    18.46     3.53     2.66     2.73     2.65     1.24     1.27     3.38     2.54     2.60     2.46     1.27     1.28 
  0  50    15.36    15.52    15.55    15.48    15.92    15.91     3.29     2.77     2.80     2.97     1.24     1.28     3.17     2.64     2.66     2.54     1.28     1.27 
  0  60    12.83    13.31    13.64    13.36    13.17    13.17     3.41     2.95     2.93     3.25     1.25     1.29     3.30     2.79     2.78     2.84     1.28     1.28 
  0  70    11.48    11.93    11.95    11.91    11.71    11.70     3.67     3.06     2.93     3.29     1.25     1.30     3.51     2.90     2.78     3.02     1.28     1.28 
  0  80    10.50    10.76    10.73    10.77    10.73    10.69     4.06     3.07     2.94     3.32     1.26     1.31     3.89     2.91     2.78     3.02     1.29     1.29 
  0  90     9.69     9.60     9.67     9.63     9.56     9.57     4.08     3.08     2.93     3.32     1.27     1.31     3.91     2.91     2.79     3.02     1.29     1.29 
 10   0    18.80    20.86    19.70    20.42    26.45    26.57     3.61     2.68     2.75     2.55     1.23     1.25     3.48     2.56     2.61     2.52     1.28     1.28 
 10  10    19.26    20.49    19.75    20.43    26.57    26.47     3.52     2.70     2.72     2.56     1.23     1.26     3.37     2.58     2.59     2.52     1.27     1.27 
 10  20    20.02    20.50    19.73    20.52    26.68    26.64     3.50     2.70     2.74     2.54     1.23     1.26     3.36     2.58     2.61     2.51     1.27     1.27 
 10  30    18.45    19.97    18.95    19.80    21.68    21.87     3.60     2.67     2.74     2.60     1.23     1.27     3.46     2.55     2.61     2.52     1.27     1.28 
 10  40    16.70    17.72    17.03    17.71    18.45    18.44     3.53     2.66     2.74     2.64     1.24     1.28     3.39     2.54     2.62     2.46     1.28     1.28 
 10  50    15.49    15.73    15.60    15.50    15.92    15.90     3.26     2.71     2.81     2.95     1.25     1.28     3.15     2.58     2.68     2.54     1.28     1.28 
 10  60    12.70    13.29    13.64    13.31    13.17    13.17     3.48     2.94     2.92     3.25     1.25     1.29     3.38     2.80     2.78     2.85     1.28     1.28 
 10  70    11.71    11.92    11.89    11.95    11.71    11.70     3.65     3.05     2.92     3.28     1.25     1.29     3.48     2.90     2.78     3.01     1.28     1.28 
 10  80    10.60    10.78    10.71    10.79    10.73    10.69     4.02     3.07     2.94     3.31     1.26     1.30     3.85     2.91     2.78     3.02     1.29     1.29 
 10  90     9.78     9.59     9.67     9.64     9.56     9.56     4.07     3.06     2.94     3.33     1.27     1.31     3.90     2.91     2.78     3.02     1.29     1.29 
 20   0    19.11    20.31    20.80    20.37    26.63    26.78     3.51     2.69     2.47     2.54     1.23     1.24     3.36     2.57     2.37     2.50     1.27     1.27 
 20  10    19.03    20.75    20.80    20.43    26.63    26.48     3.51     2.68     2.53     2.52     1.23     1.25     3.37     2.56     2.42     2.49     1.27     1.27 
 20  20    19.27    20.30    20.73    20.35    26.70    26.66     3.53     2.69     2.48     2.53     1.23     1.24     3.39     2.57     2.38     2.50     1.27     1.27 
 20  30    18.09    19.46    18.81    19.85    21.87    21.99     3.63     2.73     2.70     2.57     1.24     1.26     3.48     2.59     2.57     2.51     1.27     1.27 
 20  40    16.53    17.52    17.28    17.68    18.49    18.44     3.62     2.69     2.77     2.62     1.24     1.27     3.47     2.56     2.64     2.47     1.27     1.28 
 20  50    14.41    15.61    15.77    15.46    15.94    15.90     3.48     2.71     2.75     2.95     1.25     1.28     3.40     2.58     2.62     2.47     1.28     1.28 
 20  60    12.56    13.25    13.47    13.37    13.19    13.18     3.48     2.92     2.79     3.22     1.25     1.28     3.40     2.77     2.67     2.82     1.28     1.28 
 20  70    11.57    11.90    11.84    11.91    11.68    11.70     3.89     3.05     2.92     3.28     1.25     1.29     3.71     2.90     2.78     3.01     1.28     1.28 
 20  80    10.51    10.76    10.66    10.78    10.73    10.71     3.99     3.08     2.93     3.30     1.26     1.29     3.82     2.91     2.78     3.02     1.29     1.28 
 20  90     9.67     9.59     9.66     9.63     9.58     9.56     4.08     3.07     2.94     3.32     1.27     1.30     3.90     2.91     2.79     3.02     1.29     1.29 
 30   0    20.86    25.65    25.41    24.58    25.36    24.49     3.16     1.20     1.28     1.59     1.21     1.29     3.12     1.20     1.18     1.56     1.32     1.40 
 30  10    23.08    25.64    25.51    24.39    25.39    24.46     2.86     1.21     1.23     1.61     1.22     1.28     2.82     1.21     1.17     1.57     1.33     1.39 
 30  20    21.83    25.68    25.48    24.46    25.32    24.50     3.03     1.20     1.25     1.61     1.22     1.28     3.02     1.20     1.17     1.57     1.33     1.38 
 30  30    19.47    18.96    19.49    19.52    21.44    21.98     3.43     2.75     2.53     2.53     1.23     1.24     3.31     2.61     2.41     2.46     1.27     1.27 
 30  40    16.60    17.40    17.19    17.70    18.45    18.46     3.70     2.72     2.79     2.55     1.23     1.26     3.57     2.59     2.65     2.47     1.28     1.28 
 30  50    14.44    15.48    15.94    15.43    15.93    15.92     3.52     2.74     2.78     2.86     1.24     1.26     3.43     2.61     2.64     2.49     1.28     1.28 
 30  60    12.61    13.29    13.42    13.31    13.19    13.19     3.58     2.94     2.71     3.13     1.24     1.28     3.49     2.79     2.59     2.76     1.28     1.28 
 30  70    11.60    11.89    11.82    11.94    11.71    11.70     3.73     3.06     2.90     3.22     1.25     1.28     3.57     2.89     2.75     3.01     1.29     1.29 
 30  80    10.54    10.78    10.72    10.80    10.72    10.71     4.06     3.06     2.93     3.28     1.25     1.28     3.89     2.91     2.78     3.02     1.29     1.28 
 30  90     9.70     9.60     9.68     9.63     9.57     9.56     4.08     3.06     2.94     3.32     1.27     1.30     3.90     2.91     2.79     3.02     1.29     1.29 
 40   0    18.33    18.23    18.30    18.56    18.06    17.77     3.52     2.25     2.13     2.53     1.95     1.98     3.52     2.25     2.14     2.20     2.05     2.09 
 40  10    18.38    18.26    18.33    18.58    18.07    17.77     3.57     2.25     2.12     2.52     1.94     1.97     3.58     2.25     2.12     2.19     2.05     2.08 
 40  20    18.45    18.26    18.32    18.59    18.07    17.76     3.58     2.25     2.13     2.52     1.94     1.98     3.58     2.25     2.13     2.19     2.05     2.10 
 40  30    18.44    18.23    18.34    18.51    18.09    17.76     3.46     2.10     1.99     2.52     1.81     1.92     3.47     2.10     1.99     2.22     1.92     2.03 
 40  40    17.18    18.37    17.56    17.86    18.32    17.77     3.55     1.37     2.11     1.92     1.25     1.45     3.44     1.37     1.98     1.86     1.34     1.56 
 40  50    14.18    15.42    15.92    15.49    15.92    15.93     3.69     2.73     2.77     2.66     1.23     1.24     3.64     2.61     2.64     2.47     1.28     1.28 
 40  60    12.50    13.26    13.59    13.21    13.19    13.15     3.78     2.92     2.78     3.00     1.24     1.27     3.67     2.77     2.64     2.71     1.28     1.28 
 40  70    11.65    11.89    11.82    11.94    11.69    11.70     3.98     3.07     2.73     3.15     1.25     1.27     3.82     2.89     2.61     3.01     1.29     1.29 
 40  80    10.61    10.75    10.62    10.78    10.73    10.70     4.06     3.07     2.85     3.20     1.25     1.29     3.90     2.91     2.71     3.02     1.29     1.29 
 40  90     9.71     9.60     9.68     9.63     9.57     9.56     4.07     3.06     2.92     3.29     1.25     1.29     3.91     2.91     2.77     3.02     1.29     1.29 
 50   0    16.49    16.13    16.04    15.41    15.88    15.79     3.88     3.05     3.03     2.49     2.07     2.07     3.89     3.05     3.04     2.81     2.18     2.18 
 50  10    16.24    16.13    16.04    15.37    15.88    15.78     3.87     3.05     3.03     2.49     2.07     2.07     3.88     3.05     3.03     2.82     2.18     2.17 
 50  20    16.55    16.13    16.04    15.42    15.86    15.79     3.87     3.04     3.04     2.49     2.07     2.07     3.88     3.05     3.04     2.79     2.17     2.18 
 50  30    16.51    16.13    16.03    15.25    15.88    15.76     3.81     3.03     3.02     2.46     2.07     2.07     3.82     3.03     3.03     2.84     2.18     2.18 
 50  40    16.16    16.12    16.04    15.24    15.89    15.81     3.94     3.04     2.89     2.47     2.07     2.07     3.95     3.05     2.89     2.71     2.18     2.17 
 50  50    15.07    15.42    16.03    15.67    15.95    15.78     3.78     2.64     1.28     2.20     1.23     1.27     3.68     2.52     1.18     2.06     1.28     1.38 
 50  60    12.51    13.18    13.67    13.17    13.19    13.21     3.77     2.88     2.78     2.92     1.25     1.26     3.64     2.74     2.65     2.67     1.28     1.28 
 50  70    11.51    11.93    11.85    11.80    11.71    11.69     3.92     3.05     2.79     3.14     1.25     1.27     3.76     2.90     2.65     2.92     1.28     1.29 
 50  80    10.68    10.74    10.57    10.78    10.73    10.71     4.05     3.07     2.75     3.17     1.25     1.28     3.90     2.91     2.61     3.02     1.29     1.29 
 50  90     9.77     9.60     9.61     9.63     9.58     9.57     4.07     3.09     2.76     3.23     1.26     1.28     3.91     2.91     2.62     3.02     1.29     1.29 
 60   0    13.68    14.34    14.31    13.42    14.07    13.92     3.64     3.05     3.05     2.75     2.07     2.07     3.65     3.06     3.06     3.05     2.18     2.18 
 60  10    13.76    14.34    14.31    13.42    14.13    13.92     3.63     3.05     3.04     2.77     2.07     2.07     3.64     3.05     3.05     3.06     2.18     2.18 
 60  20    13.81    14.34    14.31    13.39    14.13    13.92     3.60     3.05     3.04     2.76     2.07     2.07     3.61     3.06     3.05     3.06     2.18     2.18 
 60  30    13.54    14.34    14.31    13.32    14.10    13.92     3.64     3.05     3.03     2.72     2.07     2.07     3.65     3.05     3.04     3.06     2.18     2.18 
 60  40    13.88    14.34    14.31    13.29    14.09    13.93     3.64     3.05     3.03     2.70     2.07     2.07     3.65     3.05     3.04     3.03     2.18     2.18 
 60  50    13.74    14.33    14.30    13.28    14.13    13.92     3.69     3.04     2.96     2.67     2.07     2.07     3.70     3.05     2.97     2.88     2.18     2.18 
 60  60    12.76    13.18    13.54    13.25    13.18    13.17     3.80     2.81     2.42     2.64     1.24     1.24     3.72     2.69     2.30     2.44     1.29     1.29 
 60  70    11.37    11.85    11.84    11.81    11.70    11.69     3.81     2.99     2.79     3.09     1.25     1.26     3.66     2.83     2.65     2.89     1.29     1.29 
 60  80    10.65    10.75    10.67    10.75    10.71    10.72     4.05     3.06     2.79     3.15     1.25     1.27     3.90     2.91     2.65     3.02     1.29     1.29 
 60  90     9.69     9.59     9.66     9.65     9.58     9.57     4.07     3.08     2.75     3.18     1.25     1.28     3.90     2.91     2.62     3.03     1.29     1.29 
 70   0    11.51    12.46    11.95    11.88    12.54    11.46     3.69     3.05     3.06     3.05     2.08     2.08     3.69     3.05     3.06     3.06     2.18     2.19 
 70  10    11.17    11.74    11.94    11.89    11.92    11.68     3.75     3.05     3.06     3.05     2.07     2.08     3.75     3.05     3.06     3.05     2.18     2.18 
 70  20    11.23    11.74    12.19    11.86    12.07    11.71     3.74     3.06     3.05     3.05     2.08     2.07     3.74     3.06     3.06     3.05     2.19     2.18 
 70  30    11.07    12.09    11.95    11.88    11.64    11.94     3.76     3.06     3.06     3.04     2.08     2.08     3.77     3.06     3.06     3.05     2.19     2.18 
 70  40    11.76    12.45    12.19    11.85    12.02    11.46     3.74     3.05     3.05     3.03     2.08     2.08     3.74     3.06     3.06     3.06     2.19     2.19 
 70  50    12.18    12.45    11.93    11.77    12.14    11.95     3.70     3.05     3.06     3.00     2.08     2.08     3.71     3.06     3.06     3.06     2.20     2.18 
 70  60    12.03    12.80    11.93    11.76    11.65    11.99     3.80     3.05     3.00     2.91     2.07     2.07     3.82     3.05     3.01     3.02     2.18     2.18 
 70  70    11.62    11.72    11.79    11.63    11.70    11.62     3.52     2.57     1.83     2.67     1.24     1.51     3.43     2.53     1.79     2.57     1.29     1.58 
 70  80    10.60    10.67    10.64    10.63    10.72    10.71     4.02     3.04     2.78     3.11     1.25     1.26     3.86     2.87     2.65     2.94     1.29     1.29 
 70  90     9.77     9.60     9.64     9.63     9.57     9.56     4.06     3.08     2.78     3.15     1.26     1.26     3.91     2.91     2.63     3.02     1.29     1.29 
 80   0    10.78    10.77    10.72    10.79    10.63    10.61     3.97     3.06     3.06     3.05     2.08     2.08     3.97     3.06     3.07     3.06     2.18     2.19 
 80  10    10.82    10.77    10.72    10.77    10.64    10.61     3.97     3.05     3.06     3.05     2.08     2.08     3.97     3.06     3.06     3.05     2.18     2.19 
 80  20    10.93    10.76    10.73    10.75    10.65    10.61     4.02     3.06     3.06     3.05     2.08     2.08     4.03     3.06     3.06     3.06     2.19     2.19 
 80  30    10.49    10.76    10.72    10.75    10.65    10.61     3.82     3.06     3.06     3.05     2.08     2.08     3.82     3.06     3.06     3.06     2.19     2.19 
 80  40    10.43    10.76    10.71    10.76    10.66    10.60     3.79     3.06     3.06     3.05     2.08     2.08     3.80     3.06     3.06     3.06     2.19     2.19 
 80  50    10.67    10.76    10.72    10.76    10.66    10.61     3.91     3.06     3.06     3.05     2.08     2.08     3.91     3.06     3.06     3.05     2.19     2.19 
 80  60    10.86    10.76    10.72    10.76    10.68    10.60     3.99     3.06     3.06     3.04     2.08     2.08     4.00     3.06     3.06     3.05     2.19     2.19 
 80  70    10.71    10.77    10.73    10.75    10.67    10.60     3.94     3.06     3.05     3.01     2.08     2.08     3.95     3.06     3.05     3.05     2.19     2.19 
 80  80    10.62    10.75    10.72    10.54    10.71    10.61     3.72     1.25     1.35     2.58     1.25     1.30     3.61     1.20     1.25     2.57     1.33     1.41 
 80  90     9.69     9.60     9.69     9.60     9.58     9.58     4.06     3.06     2.80     3.15     1.25     1.26     3.90     2.91     2.66     3.00     1.29     1.29 
 90   0     9.56     9.94     9.92     9.85     9.85     9.74     4.06     3.06     3.06     3.05     2.09     2.09     4.06     3.07     3.06     3.06     2.19     2.19 
 90  10     9.46     9.93     9.92     9.80     9.84     9.72     3.96     3.06     3.06     3.06     2.08     2.08     3.96     3.06     3.07     3.06     2.19     2.19 
 90  20     9.53     9.94     9.93     9.84     9.84     9.74     4.02     3.06     3.05     3.06     2.08     2.08     4.03     3.07     3.06     3.06     2.19     2.19 
 90  30     9.50     9.94     9.92     9.83     9.83     9.72     3.98     3.06     3.06     3.05     2.08     2.08     3.98     3.07     3.07     3.06     2.18     2.19 
 90  40     9.50     9.93     9.92     9.81     9.81     9.75     3.98     3.06     3.06     3.06     2.08     2.08     3.98     3.07     3.07     3.06     2.19     2.19 
 90  50     9.46     9.94     9.92     9.82     9.84     9.74     3.91     3.06     3.06     3.05     2.09     2.08     3.91     3.07     3.07     3.05     2.19     2.19 
 90  60     9.95     9.93     9.93     9.83     9.84     9.73     4.05     3.06     3.06     3.06     2.08     2.08     4.06     3.06     3.06     3.06     2.19     2.19 
 90  70     9.62     9.93     9.92     9.82     9.84     9.75     3.97     3.06     3.06     3.06     2.08     2.09     3.98     3.06     3.07     3.06     2.19     2.19 
 90  80     9.75     9.93     9.92     9.80     9.83     9.72     4.02     3.06     3.06     3.05     2.08     2.08     4.02     3.07     3.07     3.06     2.19     2.19 
 90  90     9.60     9.60     9.68     9.51     9.57     9.57     4.03     3.04     2.71     2.52     1.25     1.26     3.88     2.88     2.57     2.36     1.30     1.29 
