       P        C    delta       lq      std      llq      std      blq      std      ffq      std     iffq      std    biffq      std 
       0        0        0    77.61    24.59   187.45    51.93   661.31     6.39   155.95    14.39   279.13    15.72   335.64    13.46 
       1        1        0   108.83     4.50   179.68    30.69   346.69     2.38   170.70    16.10   237.59    11.45   264.35     7.33 
       2        2        0    98.95     4.26   188.29    36.19   342.98     1.38   165.45    10.96   234.75     4.33   250.21    10.28 
       3        3        0    92.09     5.41   221.32    33.26   319.09     1.04   163.58    12.35   210.35    10.14   239.04    10.91 
       4        4        0    90.12     6.68   196.80    27.58   295.08     1.26   169.64     9.48   202.75     8.07   227.53     6.03 
       5        5        0    78.63     8.46   148.22     8.03   269.58     1.72   167.80    15.86   188.05     9.58   199.98     5.08 
       6        6        0    75.82     4.22   132.93     3.81   170.73     2.28   122.11     3.21   153.22     6.95   185.70     6.21 
       7        7        0    72.36     3.98   117.95     2.96   150.03     0.33   104.64     4.25   135.27     5.67   165.87     5.45 
       8        8        0    63.94     7.34   103.68     3.41   133.36     0.22    95.88     3.23   120.59     4.64   158.85     7.93 
       9        9        0    63.19     2.14    96.83     4.07   120.09     0.20    86.12     3.01   108.66     3.15   142.60     3.13 
      10       10        0    59.00     1.37    86.76     1.66   109.08     0.11    81.56     2.28    99.71     3.25   118.24     1.36 
      11       11        0    56.98     1.76    79.31     3.07    99.88     0.11    75.92     1.50    90.64     3.02   109.88     2.12 
      13       13        0    52.47     0.55    66.74     3.60    85.40     0.04    65.88     2.08    78.99     2.62    96.26     1.70 
      15       15        0    46.18     4.27    56.45     4.78    74.56     0.03    60.79     0.83    68.78     1.67    88.21     1.68 
      17       17        0    44.30     2.58    52.02     1.77    66.17     0.02    56.32     0.45    61.33     0.75    79.50     1.77 
      19       19        0    42.81     2.37    46.42     2.99    59.44     0.01    51.16     0.43    56.28     1.11    73.27     1.03 
      21       21        0    42.16     1.84    41.13     1.50    53.80     0.30    45.87     2.05    51.06     2.85    65.36     4.14 
      23       23        0    38.87     1.28    37.97     0.99    49.37     0.01    42.60     0.46    47.69     0.55    61.88     0.97 
      25       25        0    34.92     5.68    34.31     1.19    45.52     0.01    39.76     0.14    44.25     0.33    57.56     0.82 
      27       27        0    35.23     1.31    32.25     1.33    42.22     0.01    36.79     0.30    41.35     0.31    55.08     0.47 
      29       29        0    34.72     0.90    30.27     0.89    39.38     0.01    34.56     0.05    38.81     0.11    52.19     0.44 
      39       39        0    28.76     0.79    24.27     0.19    29.11     0.00    26.33     0.03    28.92     0.01    40.40     0.17 
      49       49        0    26.43     0.12    22.39     0.16    26.87     0.00    24.07     0.14    26.69     0.06    29.95     0.03 
      59       59        0    25.11     1.74    20.82     0.07    24.95     0.00    22.44     0.23    24.81     0.03    27.60     0.02 
      79       79        0    21.72     0.97    18.80     0.17    21.83     0.00    19.82     0.12    21.74     0.02    23.78     0.03 
      99       99        0    19.38     1.02    17.33     0.12    19.41     0.00    17.79     0.10    19.28     0.03    20.92     0.01 
     119      119        0    17.13     1.08    15.79     0.14    17.47     0.00    15.99     0.11    17.42     0.01    18.63     0.01 
     139      139        0    15.04     1.83    14.35     0.17    15.88     0.00    14.72     0.12    15.84     0.00    16.78     0.00 
     169      169        0    12.51     1.37    12.51     0.15    13.98     0.00    13.05     0.11    13.94     0.01    14.62     0.00 
     204      204        0    11.93     0.78    11.27     0.03    12.26     0.00    11.41     0.10    12.24     0.00    12.70     0.00 
