       P        C    delta       lq      std      llq      std      blq      std      ffq      std     iffq      std    biffq      std 
       0        0        0    78.83    26.73   207.27    21.69   657.82     5.76   167.67    22.68   287.24    12.37   341.17    15.37 
       1        0        1   109.16     6.27   186.05    62.39   339.96     4.69   162.81    12.63   271.38    14.74   289.87     9.60 
       2        0        2   105.81    13.02   170.56    64.37   334.16     2.33   168.35    22.52   261.28    19.92   293.02    12.01 
       3        0        3    94.92    16.15   195.09    41.20   313.95     1.87   184.34    17.38   250.85    12.60   274.54    17.05 
       4        0        4    87.06    18.61   179.20    53.53   294.35     2.08   177.18    17.22   243.32     9.47   243.81     4.31 
       5        0        5    88.94    17.39   127.01    35.85   275.58     2.16   157.29    15.54   203.66    12.28   215.33     5.28 
       6        0        6    76.91     7.97   114.26    14.74   177.41     0.08   158.81    14.54   149.87     5.50   196.09     0.77 
       7        0        7    67.21     8.42   109.93     7.19   154.12     0.07   148.84    13.23   134.38     2.83   179.21     3.39 
       8        0        8    67.83     8.80   108.87    14.78   136.08     0.05   129.46    10.64   121.52     2.93   164.41     3.62 
       9        0        9    65.94     6.67   100.82     6.75   121.88     0.05   121.44     9.67   110.44     2.21   149.27     2.54 
      10        0       10    65.25     3.86    98.65     5.35   110.36     0.02    96.95     4.42   101.42     2.06   137.48     1.07 
      11        0       11    60.37     3.74    93.24     4.32   100.81     0.02    91.05     2.93    92.43     2.75   125.61     1.12 
      13        0       13    59.67     2.60    86.73     3.13    85.91     0.05    78.35     1.99    79.00     1.82   109.90     0.94 
      15        0       15    56.84     1.69    82.81     2.27    74.90     0.01    70.23     1.95    70.30     1.78    98.11     0.46 
      17        0       17    54.17     1.29    77.82     1.68    66.37     0.01    63.41     0.74    62.63     0.98    88.01     0.55 
      19        0       19    51.03     1.44    71.42     1.40    59.58     0.01    58.98     0.80    56.98     0.60    77.58     0.84 
      21        0       21    47.93     2.24    63.59     4.40    53.59     1.37    53.69     0.72    51.25     2.70    71.49     5.14 
      23        0       23    46.97     1.62    61.81     0.96    49.46     0.01    50.09     0.60    48.10     0.30    67.49     0.41 
      25        0       25    45.21     1.40    57.17     1.32    45.58     0.01    48.37     0.45    44.62     0.37    62.70     0.36 
      27        0       27    42.41     1.64    53.13     0.97    42.26     0.07    46.16     0.48    41.51     0.27    58.52     0.27 
      29        0       29    40.33     1.45    49.74     1.21    39.42     0.00    44.56     0.28    38.89     0.15    54.98     0.24 
      39        0       39    31.11     0.93    34.28     0.42    29.11     0.00    33.47     0.11    28.93     0.04    41.34     0.14 
      49        0       49    26.09     0.95    28.65     0.15    26.87     0.00    28.85     0.19    26.75     0.02    33.35     0.41 
      59        0       59    25.33     0.66    26.47     0.04    24.96     0.00    26.95     0.14    24.85     0.02    28.37     0.05 
      79        0       79    22.18     0.92    22.63     0.07    21.84     0.00    22.73     0.34    21.76     0.02    23.84     0.01 
      99        0       99    19.71     0.28    19.51     0.27    19.41     0.00    20.61     0.10    19.36     0.01    20.98     0.02 
     119        0      119    18.07     0.40    18.22     0.05    17.47     0.00    18.25     0.10    17.42     0.01    18.66     0.01 
     139        0      139    16.91     0.25    16.48     0.32    15.88     0.00    16.15     0.13    15.84     0.01    16.81     0.01 
     169        0      169    14.46     0.32    13.97     0.21    13.98     0.00    14.48     0.09    13.93     0.02    14.63     0.00 
     204        0      204    12.79     0.12    12.53     0.11    12.26     0.00    11.83     0.08    12.23     0.01    12.71     0.00 
