./run-tests.py --spin-min 3 --num-points 29 -S ctriangle
       P        C    delta       lq      std      llq      std      blq      std      ffq      std     iffq      std    biffq      std 
       3        3        0    29.24     1.28    62.13     0.10    62.35     0.13    58.83     0.21    60.73     0.18    59.92     0.15 
       3        4       -1    29.64     0.82    62.10     0.13    62.26     0.11    59.16     0.24    60.68     0.12    59.90     0.15 
       3        5       -2    27.37     4.36    61.27     2.50    62.29     0.17    58.90     0.10    60.75     0.17    59.92     0.15 
       3        6       -3    28.97     2.55    62.10     0.14    62.35     0.06    59.14     0.30    60.77     0.13    59.96     0.10 
       3        7       -4    28.86     1.80    62.19     0.10    62.30     0.15    58.95     0.17    60.77     0.03    59.97     0.12 
       3        8       -5    28.68     1.21    44.58     8.54    60.44     0.42    50.98     1.81    58.60     0.32    59.48     0.30 
       3        9       -6    24.47     3.28    30.73     0.28    42.02     0.06    32.81     0.06    41.55     0.03    41.60     0.02 
       3       10       -7    25.58     0.83    30.89     0.34    42.05     0.04    32.77     0.08    41.53     0.03    41.57     0.02 
       3       11       -8    24.83     2.33    31.05     0.25    42.05     0.03    32.78     0.13    41.50     0.06    41.53     0.03 
       3       12       -9    25.62     1.00    30.91     0.23    42.04     0.03    32.74     0.05    41.53     0.03    41.55     0.03 
       3       13      -10    25.92     1.13    28.75     3.68    42.01     0.07    32.68     0.19    41.53     0.04    41.58     0.02 
       3       14      -11    25.22     1.85    30.63     0.10    41.97     0.08    32.76     0.10    41.51     0.05    41.55     0.02 
       3       16      -13    25.23     0.83    28.73     0.27    32.16     0.03    30.52     0.05    31.43     0.02    31.43     0.03 
       3       18      -15    24.65     0.23    27.60     0.28    31.94     0.03    29.13     0.03    31.63     0.02    31.58     0.05 
       3       20      -17    24.22     0.64    26.75     0.23    31.79     0.02    28.28     0.02    31.45     0.02    31.50     0.03 
       3       22      -19    23.74     0.33    25.24     1.81    31.75     0.04    27.97     0.04    31.45     0.02    31.47     0.03 
       3       24      -21    22.13     0.68    23.54     0.09    28.94     0.05    25.50     0.03    26.04     0.13    26.26     0.07 
       3       26      -23    21.24     0.51    22.89     0.08    25.60     0.01    23.80     0.07    25.41     0.01    25.43     0.01 
       3       28      -25    20.34     0.79    21.99     0.09    25.51     0.01    23.29     0.06    25.31     0.02    25.32     0.01 
       3       30      -27    19.80     0.64    21.34     0.16    25.50     0.02    22.94     0.02    25.31     0.01    25.32     0.03 
       3       32      -29    19.26     0.52    20.44     0.20    21.37     0.01    21.31     0.02    21.10     0.01    21.09     0.02 
       3       42      -39    16.84     0.33    17.65     0.08    18.31     0.00    18.09     0.01    18.11     0.01    18.11     0.00 
       3       52      -49    14.53     0.28    15.32     0.05    16.01     0.00    15.26     0.01    15.82     0.00    15.84     0.01 
       3       62      -59    12.38     0.40    13.25     0.08    14.09     0.01    13.29     0.24    14.10     0.00    13.97     0.43 
       3       82      -79    10.33     0.03    10.36     0.03    10.70     0.00    10.47     0.02    10.61     0.00    10.61     0.00 
       3      102      -99     8.70     0.10     8.59     0.06     8.59     0.00     8.64     0.01     8.52     0.00     8.53     0.00 
       3      122     -119     7.32     0.01     7.31     0.01     7.57     0.00     7.35     0.00     7.53     0.00     7.53     0.00 
       3      142     -139     6.44     0.02     6.35     0.02     6.45     0.00     6.39     0.01     6.42     0.00     6.41     0.00 
       3      172     -169     5.32     0.01     5.31     0.01     5.38     0.00     5.32     0.00     5.35     0.00     5.35     0.00 
