       P        C    delta       lq      std      llq      std      blq      std      ffq      std     iffq      std    biffq      std 
       0        0        0    35.06     1.16    35.96     1.50    48.07     0.13    28.64     0.07    30.27     0.18    50.42     0.16 
       1        1        0    36.01     1.06    36.90     1.22    48.85     0.09    28.58     0.08    30.92     0.13    50.41     0.11 
       2        2        0    35.90     1.09    36.34     1.18    48.47     0.14    28.46     0.06    30.49     0.20    50.38     0.15 
       3        3        0    34.72     1.33    37.28     1.18    48.57     0.16    28.65     0.04    30.88     0.22    50.48     0.08 
       4        4        0    36.47     1.06    36.31     1.36    48.89     0.08    28.48     0.04    30.51     0.23    50.43     0.09 
       5        5        0    34.47     2.14    37.05     1.13    48.75     0.10    28.55     0.10    30.64     0.19    50.49     0.16 
       6        6        0    35.53     0.87    36.78     1.35    49.18     0.13    28.52     0.07    30.43     0.27    50.40     0.18 
       7        7        0    35.58     0.76    37.25     1.28    49.52     0.16    28.54     0.09    30.46     0.22    50.44     0.14 
       8        8        0    36.59     2.75    37.67     1.17    49.57     0.15    28.50     0.10    30.97     0.21    50.38     0.14 
       9        9        0    36.16     2.90    37.96     1.15    49.58     0.13    28.52     0.09    30.84     0.41    50.40     0.15 
      10       10        0    36.68     1.92    38.62     0.94    49.74     0.12    28.56     0.11    31.21     0.33    50.40     0.16 
      11       11        0    38.78     1.28    37.81     1.31    49.77     0.13    28.52     0.11    30.73     0.31    50.33     0.15 
      13       13        0    34.24     0.47    39.18     0.82    49.89     0.13    28.71     0.12    30.85     0.26    50.30     0.21 
      15       15        0    30.63     1.59    38.93     1.46    50.35     0.13    28.93     0.25    31.36     0.30    49.99     0.25 
      17       17        0    30.19     0.44    40.20     0.95    50.65     0.17    29.18     0.10    31.90     0.45    50.07     0.32 
      19       19        0    29.21     0.42    41.06     0.69    51.13     0.12    29.79     0.48    32.37     0.31    50.03     0.38 
      21       21        0    27.94     0.55    42.15     3.34    51.43     0.17    32.60     3.83    33.88     0.77    50.27     0.32 
      23       23        0    27.49     1.84    44.13     0.82    52.26     0.14    40.90     0.40    40.00     0.62    50.14     0.32 
      25       25        0    26.56     0.25    45.21     0.36    52.38     0.11    42.62     5.83    43.07     0.22    50.17     0.25 
      27       27        0    25.76     0.21    46.78     1.16    52.75     0.20    45.00     0.83    41.30     0.05    50.21     0.24 
      29       29        0    25.28     0.25    48.94     2.20    52.84     0.18    39.27     3.46    38.68     0.05    50.18     0.26 
      39       39        0    23.68     3.04    24.67     0.23    38.82     0.01    35.15     0.01    26.64     0.01    37.71     0.06 
      49       49        0    17.72     0.25    19.16     0.31    27.12     0.05    19.69     0.06    24.78     0.01    27.15     0.04 
      59       59        0    16.77     0.23    18.39     0.26    25.19     0.02    18.99     0.04    23.12     0.02    25.21     0.05 
      79       79        0    15.66     0.18    16.59     0.07    22.00     0.03    17.50     0.04    20.42     0.01    22.04     0.04 
      99       99        0    14.17     0.10    14.75     0.09    19.54     0.01    16.08     0.01    18.29     0.01    19.59     0.03 
     119      119        0    12.70     0.17    13.28     0.05    17.57     0.02    14.04     0.04    16.56     0.00    17.61     0.02 
     139      139        0    11.57     0.15    12.18     0.07    15.98     0.02    12.41     0.04    15.13     0.00    15.98     0.01 
     169      169        0    10.38     0.10    10.86     0.06    14.05     0.01    11.09     0.04    13.39     0.00    14.07     0.01 
     204      204        0     9.44     0.10     9.74     0.04    12.31     0.01     9.74     0.03    11.81     0.00    12.31     0.01 
