       P        C    delta       lq      std      llq      std      blq      std      ffq      std     iffq      std    biffq      std 
       0        0        0    35.32     0.99    35.73     1.35    48.11     0.12    28.72     0.07    30.27     0.20    50.52     0.11 
       1        0        1    35.31     1.02    35.95     1.32    48.05     0.12    28.52     0.10    30.33     0.11    50.48     0.10 
       2        0        2    34.79     0.85    36.11     1.15    47.99     0.10    28.57     0.10    30.34     0.11    50.49     0.13 
       3        0        3    35.85     1.01    36.07     1.34    48.08     0.13    28.55     0.07    30.29     0.11    50.56     0.14 
       4        0        4    34.87     0.84    35.83     1.37    48.03     0.14    28.58     0.07    30.47     0.11    50.50     0.18 
       5        0        5    35.35     1.15    36.17     1.35    47.98     0.08    28.60     0.10    30.28     0.15    50.57     0.12 
       6        0        6    35.72     0.98    36.46     1.45    48.05     0.11    28.58     0.12    30.29     0.17    50.54     0.13 
       7        0        7    35.21     0.94    36.12     1.30    48.05     0.11    28.63     0.06    30.37     0.15    50.49     0.12 
       8        0        8    35.09     1.02    36.38     1.33    47.97     0.12    28.63     0.15    30.39     0.17    50.51     0.16 
       9        0        9    35.99     0.91    36.25     1.21    48.05     0.08    28.63     0.09    30.38     0.18    50.58     0.09 
      10        0       10    35.60     1.30    35.84     1.16    48.01     0.09    28.66     0.11    30.41     0.15    50.67     0.17 
      11        0       11    36.25     0.72    36.77     1.07    47.99     0.11    28.67     0.10    30.39     0.21    50.46     0.15 
      13        0       13    35.05     1.08    36.59     1.32    47.99     0.08    28.62     0.09    30.32     0.14    50.51     0.14 
      15        0       15    35.82     1.14    36.71     1.02    48.05     0.12    28.64     0.06    30.25     0.12    50.59     0.10 
      17        0       17    35.14     0.93    35.87     1.32    47.98     0.10    28.66     0.04    30.30     0.14    50.58     0.10 
      19        0       19    36.03     2.10    36.52     1.41    47.92     0.06    28.71     0.07    30.34     0.10    50.56     0.15 
      21        0       21    35.38     1.04    35.74     1.35    48.00     0.10    28.76     0.08    30.29     0.11    50.57     0.18 
      23        0       23    35.49     1.26    36.33     1.31    48.04     0.13    28.76     0.09    30.21     0.11    50.63     0.15 
      25        0       25    36.44     0.96    36.52     1.44    48.02     0.12    28.75     0.09    30.40     0.15    50.53     0.11 
      27        0       27    35.05     0.74    36.18     1.34    47.94     0.11    28.79     0.08    30.30     0.12    50.56     0.12 
      29        0       29    35.67     1.26    35.33     1.26    48.00     0.13    28.75     0.09    30.35     0.13    50.49     0.16 
      39        0       39    30.16     0.94    35.23     1.32    42.67     0.04    28.64     0.27    26.56     0.02    37.78     0.02 
      49        0       49    26.45     0.66    29.79     0.25    30.99     0.01    28.64     0.05    24.73     0.02    30.45     0.02 
      59        0       59    25.35     0.79    27.43     0.19    28.47     0.01    27.49     0.04    23.12     0.02    27.88     0.01 
      79        0       79    21.57     0.17    23.06     0.19    24.49     0.01    23.44     0.01    20.41     0.02    24.01     0.01 
      99        0       99    18.84     0.19    19.82     0.15    21.47     0.01    20.59     0.05    18.28     0.01    21.11     0.01 
     119        0      119    17.08     0.46    18.00     0.13    19.13     0.01    18.63     0.02    16.55     0.00    18.83     0.00 
     139        0      139    16.13     0.23    16.44     0.08    17.24     0.00    16.76     0.02    15.11     0.01    17.00     0.00 
     169        0      169    14.64     0.32    14.51     0.09    15.02     0.00    14.70     0.01    13.36     0.03    14.83     0.00 
     204        0      204    12.35     0.18    11.90     0.13    13.05     0.00    12.09     0.02    11.80     0.01    12.91     0.00 
