./run-tests.py -M --spin-min 3 --num-points 29 -S ctriangle
       P        C    delta       lq      std      llq      std      blq      std      ffq      std     iffq      std    biffq      std 
       3        3        0    20.25     2.54    18.80     0.20    28.91     0.05    21.50     0.07    28.06     0.09    28.09     0.03 
       3        4       -1    21.96     2.57    18.86     0.17    28.82     0.05    21.47     0.06    28.03     0.04    28.07     0.09 
       3        5       -2    20.78     2.64    18.75     0.26    28.82     0.13    21.46     0.08    28.05     0.09    28.02     0.11 
       3        6       -3    19.97     2.55    18.71     0.23    28.83     0.15    21.44     0.10    28.04     0.05    28.12     0.09 
       3        7       -4    20.74     2.39    18.82     0.11    28.86     0.10    21.44     0.13    28.07     0.07    28.05     0.14 
       3        8       -5    21.35     2.95    18.75     0.36    28.79     0.07    21.41     0.10    28.07     0.06    28.08     0.09 
       3        9       -6    20.74     2.76    18.69     0.27    28.82     0.06    21.11     0.04    28.02     0.09    28.04     0.11 
       3       10       -7    19.47     2.55    18.77     0.18    28.85     0.05    21.03     0.08    27.98     0.05    28.09     0.05 
       3       11       -8    20.11     2.53    18.83     0.24    28.87     0.11    20.98     0.11    28.04     0.01    28.07     0.08 
       3       12       -9    21.67     2.79    18.79     0.19    28.79     0.07    20.98     0.08    28.06     0.04    28.10     0.07 
       3       13      -10    22.48     2.28    18.75     0.18    28.80     0.09    21.00     0.03    28.04     0.06    28.15     0.13 
       3       14      -11    19.83     2.42    18.92     0.18    28.84     0.08    20.96     0.11    27.97     0.06    28.06     0.05 
       3       16      -13    21.98     3.02    18.88     0.24    28.88     0.04    20.93     0.04    28.03     0.08    28.08     0.08 
       3       18      -15    19.71     2.79    18.64     0.37    28.80     0.07    20.87     0.03    28.05     0.05    28.06     0.07 
       3       20      -17    19.50     2.34    18.70     0.04    28.86     0.12    20.84     0.05    28.01     0.07    28.07     0.09 
       3       22      -19    20.66     2.48    18.69     0.18    28.87     0.05    20.64     0.13    27.94     0.18    28.03     0.13 
       3       24      -21    19.42     2.36    18.40     0.06    27.85     0.14    19.84     1.57    27.50     0.15    27.42     0.19 
       3       26      -23    17.71     0.37    18.36     0.20    25.92     0.15    20.18     0.03    25.45     0.12    25.56     0.09 
       3       28      -25    17.23     0.17    18.22     0.20    23.56     0.05    19.96     0.01    23.00     0.04    22.98     0.06 
       3       30      -27    17.20     0.27    18.23     0.25    23.38     0.17    19.71     0.09    22.96     0.05    23.05     0.01 
       3       32      -29    16.75     0.19    17.97     0.19    22.81     0.04    18.98     0.01    22.57     0.10    22.64     0.04 
       3       42      -39    15.45     0.15    16.97     0.09    18.27     0.05    16.60     0.03    18.41     0.15    18.35     0.12 
       3       52      -49    13.43     0.02    14.12     0.20    15.19     0.02    14.52     0.02    15.10     0.02    15.06     0.04 
       3       62      -59    11.83     0.08    12.24     0.09    13.53     0.01    12.96     0.08    13.46     0.02    13.47     0.01 
       3       82      -79     9.84     0.02     9.61     0.15    10.39     0.01    10.27     0.01    10.33     0.03    10.33     0.02 
       3      102      -99     7.72     0.07     7.78     0.05     8.74     0.05     8.48     0.04     8.72     0.06     8.69     0.06 
       3      122     -119     6.79     0.04     7.11     0.05     7.40     0.01     7.23     0.00     7.34     0.01     7.33     0.01 
       3      142     -139     6.25     0.02     6.28     0.02     6.46     0.03     6.35     0.00     6.46     0.01     6.42     0.04 
       3      172     -169     5.24     0.01     5.27     0.00     5.40     0.00     5.30     0.00     5.37     0.01     5.38     0.01 
