./run-tests.py -vw -H --duration 5 --max-trials 3 --step 10 --spin-min 0 --num-points 10 -S square -M
  P   C     lq.T    llq.T    blq.T    ffq.T   iffq.T  biffq.T     lq.P    llq.P    blq.P    ffq.P   iffq.P  biffq.P     lq.C    llq.C    blq.C    ffq.C   iffq.C  biffq.C 
  0   0    26.01    25.81    50.57    29.03    30.78    49.57     3.46     2.73     1.17     2.10     1.94     1.16     4.28     3.48     1.22     2.58     2.35     1.50 
  0  10    19.73    27.59    28.97    21.14    28.57    28.47     3.63     2.20     1.28     2.46     1.21     1.23     4.22     2.93     2.00     3.20     2.06     2.07 
  0  20    20.24    27.88    28.74    21.16    28.45    28.54     3.54     2.18     1.29     2.46     1.21     1.22     4.12     2.92     2.00     3.21     2.07     2.07 
  0  30    18.48    22.79    23.42    19.84    22.56    22.53     3.71     2.26     1.28     2.56     1.21     1.24     4.25     2.89     1.94     3.23     2.06     2.06 
  0  40    16.86    19.46    19.01    18.10    18.80    18.80     3.49     2.25     1.29     2.50     1.21     1.24     4.09     2.91     1.94     3.23     2.06     2.06 
  0  50    14.97    16.09    15.56    15.55    15.83    15.81     3.33     2.26     1.29     2.88     1.21     1.24     3.91     2.87     1.93     3.19     2.06     2.06 
  0  60    12.72    13.59    13.68    13.31    13.52    13.50     3.55     2.25     1.29     3.13     1.22     1.25     4.14     2.90     1.97     3.42     2.07     2.07 
  0  70    11.62    12.17    12.15    11.90    12.19    12.09     3.74     2.27     1.28     3.18     1.22     1.25     4.34     2.92     1.99     3.59     2.07     2.07 
  0  80    10.72    10.97    10.77    10.78    10.75    10.74     4.00     2.26     1.29     3.21     1.22     1.25     4.62     2.92     1.97     3.61     2.06     2.07 
  0  90     9.61     9.61     9.65     9.65     9.49     9.49     4.01     2.27     1.29     3.23     1.22     1.25     4.61     2.86     2.00     3.62     2.06     2.06 
 10   0    20.17    27.24    28.78    21.20    28.45    28.20     3.55     2.14     1.28     2.46     1.20     1.22     4.14     2.86     2.00     3.21     2.07     2.06 
 10  10    19.84    27.97    28.76    21.28    28.30    28.38     3.58     2.16     1.28     2.45     1.20     1.22     4.17     2.89     2.00     3.20     2.06     2.07 
 10  20    20.21    28.00    28.78    21.22    28.37    28.21     3.54     2.15     1.28     2.45     1.20     1.23     4.13     2.88     2.00     3.20     2.07     2.07 
 10  30    18.62    22.63    23.12    19.97    22.45    22.48     3.70     2.23     1.28     2.55     1.20     1.23     4.26     2.85     1.95     3.23     2.06     2.07 
 10  40    17.06    19.40    19.13    18.12    18.80    18.81     3.43     2.25     1.29     2.50     1.21     1.23     4.04     2.91     1.95     3.23     2.06     2.06 
 10  50    14.92    16.00    15.58    15.54    15.82    15.81     3.32     2.26     1.28     2.87     1.21     1.23     3.89     2.87     1.93     3.19     2.06     2.06 
 10  60    12.81    13.56    13.68    13.30    13.50    13.52     3.50     2.25     1.28     3.12     1.21     1.24     4.08     2.89     1.97     3.41     2.06     2.07 
 10  70    11.70    12.20    12.15    11.96    12.17    12.07     3.82     2.26     1.28     3.18     1.22     1.25     4.42     2.92     2.00     3.60     2.07     2.07 
 10  80    10.65    10.97    10.78    10.78    10.75    10.74     4.00     2.27     1.28     3.21     1.21     1.25     4.61     2.92     1.97     3.62     2.07     2.07 
 10  90     9.61     9.64     9.65     9.64     9.49     9.49     4.01     2.27     1.30     3.23     1.21     1.26     4.60     2.86     2.00     3.62     2.07     2.06 
 20   0    20.03    28.13    28.70    21.68    28.03    28.41     3.49     2.06     1.26     2.39     1.20     1.23     4.10     2.80     2.01     3.16     2.07     2.08 
 20  10    19.89    27.44    28.96    21.44    28.41    28.47     3.50     2.06     1.28     2.41     1.21     1.22     4.10     2.78     2.00     3.17     2.07     2.08 
 20  20    20.25    27.74    28.84    21.49    28.24    28.32     3.50     2.05     1.28     2.41     1.20     1.22     4.12     2.78     2.01     3.18     2.06     2.06 
 20  30    18.58    22.30    23.28    19.84    22.48    22.47     3.67     2.22     1.27     2.52     1.20     1.23     4.25     2.85     1.95     3.24     2.06     2.07 
 20  40    16.54    19.28    19.04    18.07    18.79    18.80     3.60     2.25     1.28     2.52     1.21     1.23     4.19     2.92     1.94     3.23     2.07     2.07 
 20  50    14.64    16.01    15.57    15.58    15.80    15.80     3.39     2.25     1.29     2.77     1.20     1.24     3.97     2.86     1.93     3.18     2.06     2.06 
 20  60    12.72    13.55    13.70    13.28    13.48    13.50     3.52     2.25     1.29     3.10     1.21     1.24     4.10     2.88     1.98     3.39     2.06     2.07 
 20  70    11.63    12.05    12.24    11.95    12.11    12.16     3.77     2.26     1.29     3.15     1.21     1.24     4.37     2.93     1.99     3.59     2.07     2.06 
 20  80    10.71    10.98    10.78    10.76    10.78    10.73     4.00     2.26     1.30     3.18     1.21     1.25     4.62     2.93     1.97     3.62     2.07     2.06 
 20  90     9.67     9.66     9.66     9.60     9.49     9.49     4.01     2.28     1.29     3.21     1.22     1.25     4.63     2.87     2.00     3.63     2.07     2.06 
 30   0    21.40    25.75    25.68    23.63    25.64    25.14     3.16     1.41     1.17     1.91     1.29     1.17     3.90     2.25     2.02     2.70     2.21     2.09 
 30  10    22.99    25.77    25.68    23.64    25.64    25.15     2.95     1.41     1.17     1.91     1.29     1.17     3.77     2.26     2.02     2.70     2.21     2.09 
 30  20    22.39    25.74    25.68    23.46    25.63    25.14     3.02     1.42     1.18     1.94     1.29     1.17     3.84     2.26     2.02     2.74     2.22     2.09 
 30  30    18.55    22.51    23.20    19.92    22.54    22.47     3.68     1.98     1.28     2.47     1.20     1.23     4.26     2.61     1.95     3.18     2.06     2.06 
 30  40    16.72    19.36    19.08    18.11    18.80    18.79     3.69     2.23     1.29     2.47     1.20     1.23     4.27     2.90     1.94     3.23     2.06     2.07 
 30  50    14.30    16.15    15.57    15.58    15.81    15.81     3.51     2.25     1.29     2.74     1.21     1.23     4.07     2.87     1.93     3.19     2.07     2.06 
 30  60    12.55    13.54    13.67    13.24    13.48    13.51     3.53     2.25     1.29     3.07     1.21     1.24     4.09     2.89     1.97     3.38     2.08     2.06 
 30  70    11.60    12.25    12.34    11.95    12.10    12.11     3.76     2.26     1.29     3.12     1.21     1.24     4.36     2.96     2.00     3.61     2.07     2.06 
 30  80    10.70    11.05    10.78    10.75    10.76    10.76     3.98     2.27     1.29     3.16     1.21     1.25     4.63     2.95     1.97     3.64     2.06     2.06 
 30  90     9.66     9.65     9.66     9.63     9.49     9.49     4.00     2.27     1.29     3.21     1.21     1.24     4.63     2.87     2.00     3.64     2.07     2.07 
 40   0    18.33    18.42    18.42    18.42    18.43    18.17     3.62     2.46     1.17     2.49     1.97     1.17     4.46     3.31     2.02     3.01     2.90     2.09 
 40  10    18.31    18.41    18.42    18.42    18.43    18.17     3.62     2.48     1.17     2.49     1.96     1.17     4.46     3.33     2.02     2.99     2.91     2.09 
 40  20    18.53    18.42    18.42    18.40    18.43    18.17     3.63     2.50     1.18     2.49     1.96     1.16     4.47     3.34     2.02     2.99     2.90     2.08 
 40  30    18.60    18.42    18.41    18.42    18.44    18.17     3.50     2.36     1.18     2.50     1.89     1.17     4.34     3.20     2.02     2.95     2.82     2.09 
 40  40    16.92    18.42    18.41    18.03    18.45    18.17     3.72     1.40     1.17     2.00     1.30     1.17     4.30     2.22     2.01     2.72     2.22     2.09 
 40  50    14.19    16.12    15.56    15.55    15.83    15.86     3.65     2.22     1.28     2.64     1.21     1.21     4.22     2.84     1.94     3.18     2.06     2.07 
 40  60    12.38    13.56    13.69    13.22    13.49    13.50     3.70     2.25     1.27     2.93     1.21     1.24     4.25     2.88     1.97     3.35     2.08     2.08 
 40  70    11.60    12.22    12.34    11.99    12.10    12.20     3.82     2.26     1.28     3.09     1.21     1.23     4.42     2.93     1.99     3.62     2.07     2.07 
 40  80    10.72    10.99    10.78    10.78    10.77    10.76     4.00     2.26     1.29     3.12     1.21     1.23     4.61     2.92     1.96     3.67     2.08     2.06 
 40  90     9.67     9.62     9.65     9.61     9.49     9.49     4.00     2.27     1.28     3.15     1.21     1.25     4.62     2.86     2.00     3.64     2.07     2.06 
 50   0    16.36    16.03    16.11    15.92    16.09    15.90     3.84     3.01     1.17     2.48     2.04     1.17     4.71     3.87     2.02     3.36     2.98     2.10 
 50  10    16.36    16.03    16.11    15.90    16.09    15.90     3.84     3.01     1.18     2.48     2.04     1.17     4.71     3.87     2.02     3.36     2.99     2.09 
 50  20    16.10    16.04    16.11    15.91    16.09    15.90     3.82     3.01     1.18     2.48     2.04     1.17     4.69     3.88     2.02     3.38     2.97     2.09 
 50  30    16.35    16.03    16.11    15.65    16.09    15.90     3.84     3.01     1.17     2.43     2.04     1.17     4.71     3.87     2.02     3.53     2.98     2.08 
 50  40    16.11    16.03    16.10    15.69    16.08    15.90     3.83     3.01     1.17     2.45     2.04     1.17     4.71     3.87     2.02     3.42     2.98     2.09 
 50  50    14.85    15.81    15.54    15.56    15.85    15.83     3.72     1.94     1.28     2.50     1.21     1.21     4.30     2.56     1.93     3.10     2.07     2.07 
 50  60    12.55    13.63    13.68    13.21    13.50    13.50     3.72     2.24     1.28     2.88     1.20     1.23     4.31     2.91     1.97     3.37     2.08     2.07 
 50  70    11.73    12.22    12.25    11.80    12.19    12.02     3.89     2.26     1.28     3.07     1.22     1.23     4.49     2.94     1.99     3.56     2.08     2.07 
 50  80    10.76    11.01    10.80    10.77    10.76    10.77     3.98     2.26     1.28     3.10     1.21     1.24     4.61     2.93     1.97     3.65     2.07     2.08 
 50  90     9.60     9.61     9.64     9.61     9.49     9.49     3.99     2.26     1.29     3.13     1.21     1.23     4.61     2.85     2.00     3.65     2.08     2.06 
 60   0    14.19    14.33    14.32    13.35    14.29    14.16     3.52     3.02     1.17     2.77     2.04     1.17     4.40     3.88     2.03     3.88     2.99     2.08 
 60  10    13.91    14.33    14.32    13.34    14.29    14.15     3.53     3.02     1.18     2.78     2.04     1.17     4.41     3.88     2.02     3.89     3.00     2.09 
 60  20    13.78    14.33    14.32    13.34    14.30    14.16     3.53     3.02     1.17     2.77     2.04     1.17     4.40     3.88     2.02     3.89     3.00     2.09 
 60  30    13.76    14.33    14.33    13.30    14.30    14.15     3.53     3.02     1.18     2.75     2.04     1.17     4.40     3.88     2.02     3.89     2.99     2.08 
 60  40    13.72    14.33    14.32    13.26    14.30    14.15     3.55     3.02     1.17     2.69     2.04     1.17     4.42     3.88     2.01     3.86     2.98     2.10 
 60  50    13.75    14.34    14.31    13.28    14.30    14.15     3.60     3.00     1.18     2.62     2.04     1.17     4.46     3.86     2.01     3.72     2.98     2.09 
 60  60    12.70    13.58    13.69    13.20    13.46    13.54     3.60     1.94     1.28     2.72     1.21     1.22     4.26     2.58     1.98     3.23     2.08     2.07 
 60  70    11.51    12.21    12.36    11.89    12.11    12.11     3.81     2.25     1.27     3.03     1.20     1.23     4.42     2.93     1.99     3.55     2.07     2.07 
 60  80    10.88    11.00    10.78    10.73    10.77    10.76     4.01     2.25     1.28     3.08     1.20     1.23     4.63     2.93     1.96     3.67     2.07     2.08 
 60  90     9.62     9.66     9.66     9.61     9.48     9.48     3.99     2.26     1.27     3.10     1.21     1.24     4.61     2.85     1.99     3.68     2.07     2.07 
 70   0    11.50    12.11    12.08    12.01    12.41    12.35     3.72     3.02     1.18     3.01     2.04     1.17     4.60     3.88     2.03     3.90     2.99     2.10 
 70  10    11.57    12.48    12.43    12.02    12.08    12.00     3.72     3.01     1.17     3.01     2.04     1.17     4.59     3.89     2.02     3.89     3.00     2.09 
 70  20    11.40    12.11    12.43    11.99    12.41    11.64     3.73     3.02     1.18     3.01     2.04     1.17     4.60     3.89     2.03     3.90     3.00     2.09 
 70  30    11.15    12.10    12.08    11.97    12.41    11.98     3.83     3.02     1.18     3.01     2.04     1.17     4.70     3.88     2.02     3.89     2.98     2.09 
 70  40    11.77    12.46    12.42    11.95    12.42    11.64     3.65     3.02     1.17     2.99     2.04     1.17     4.53     3.89     2.02     3.88     2.98     2.10 
 70  50    11.55    11.74    12.42    11.92    12.71    12.35     3.80     3.01     1.17     2.99     2.04     1.17     4.67     3.89     2.01     3.87     2.98     2.08 
 70  60    11.80    11.74    12.77    11.93    12.70    12.35     3.79     3.02     1.17     2.89     2.04     1.17     4.67     3.89     2.02     3.85     2.99     2.09 
 70  70    11.79    12.01    12.14    11.82    12.04    12.19     3.38     1.79     1.24     2.83     1.43     1.22     4.15     2.50     2.00     3.45     2.33     2.08 
 70  80    10.74    11.06    10.79    10.67    10.77    10.77     3.96     2.23     1.27     3.04     1.20     1.22     4.60     2.95     1.97     3.62     2.07     2.08 
 70  90     9.67     9.64     9.65     9.62     9.49     9.49     3.99     2.25     1.27     3.08     1.20     1.23     4.61     2.86     2.00     3.71     2.07     2.07 
 80   0    11.10    10.73    10.76    10.93    10.77    10.67     4.02     3.02     1.18     3.01     2.04     1.17     4.89     3.89     2.02     3.89     2.99     2.10 
 80  10    10.92    10.72    10.76    10.91    10.77    10.67     4.01     3.02     1.18     3.01     2.04     1.17     4.88     3.89     2.03     3.89     3.00     2.09 
 80  20    10.85    10.72    10.76    10.89    10.77    10.67     4.01     3.02     1.18     3.01     2.04     1.17     4.89     3.89     2.02     3.90     2.99     2.09 
 80  30    10.96    10.72    10.76    10.93    10.77    10.67     4.01     3.02     1.18     3.01     2.04     1.17     4.89     3.90     2.02     3.90     2.99     2.09 
 80  40    11.02    10.73    10.76    10.91    10.77    10.67     4.02     3.02     1.18     3.01     2.04     1.17     4.89     3.89     2.02     3.87     3.00     2.10 
 80  50    10.93    10.73    10.76    10.89    10.77    10.67     4.00     3.02     1.18     3.01     2.04     1.17     4.86     3.89     2.01     3.87     2.99     2.09 
 80  60    10.91    10.73    10.76    10.89    10.77    10.67     3.94     3.01     1.18     3.01     2.04     1.17     4.80     3.89     2.02     3.87     2.99     2.10 
 80  70    10.82    10.72    10.76    10.90    10.77    10.67     3.97     3.02     1.18     2.97     2.04     1.17     4.84     3.88     2.02     3.87     2.98     2.09 
 80  80    10.68    10.73    10.76    10.66    10.77    10.67     3.67     1.30     1.18     2.27     1.19     1.17     4.37     2.12     2.01     3.06     2.11     2.10 
 80  90     9.59     9.64     9.65     9.62     9.49     9.50     3.99     2.23     1.29     3.08     1.20     1.23     4.62     2.86     1.99     3.71     2.07     2.07 
 90   0     9.65     9.94     9.93     9.73     9.93     9.85     4.01     3.02     1.18     3.01     2.04     1.17     4.88     3.89     2.02     3.88     3.01     2.10 
 90  10     9.65     9.94     9.93     9.71     9.92     9.85     4.01     3.02     1.18     3.01     2.04     1.17     4.88     3.90     2.02     3.90     3.00     2.10 
 90  20     9.79     9.94     9.93     9.69     9.92     9.85     4.02     3.02     1.18     3.01     2.04     1.17     4.89     3.89     2.03     3.89     3.00     2.09 
 90  30     9.80     9.94     9.93     9.65     9.92     9.85     4.01     3.02     1.18     3.01     2.04     1.17     4.89     3.90     2.02     3.89     2.99     2.09 
 90  40     9.65     9.94     9.93     9.70     9.92     9.85     4.01     3.02     1.18     3.01     2.04     1.17     4.88     3.90     2.02     3.89     2.99     2.09 
 90  50     9.79     9.94     9.93     9.71     9.93     9.85     4.02     3.02     1.18     3.01     2.04     1.17     4.88     3.88     2.01     3.89     3.00     2.09 
 90  60     9.87     9.94     9.93     9.71     9.92     9.85     4.00     3.02     1.18     3.01     2.04     1.17     4.87     3.88     2.02     3.88     2.99     2.09 
 90  70     9.62     9.94     9.93     9.71     9.92     9.85     4.00     3.02     1.18     3.01     2.04     1.17     4.88     3.89     2.02     3.88     2.98     2.08 
 90  80     9.77     9.94     9.93     9.68     9.93     9.85     3.99     3.02     1.18     3.01     2.04     1.17     4.86     3.89     2.01     3.88     2.98     2.08 
 90  90     9.56     9.65     9.65     9.51     9.49     9.49     3.75     2.21     1.27     2.67     1.20     1.22     4.45     2.84     2.00     3.28     2.07     2.07 
