./run-tests.py -vw -H --duration 5 --max-trials 3 --step 10 --spin-min 0 --num-points 10 -S square --Bp 1 --Bc 1
  P   C     lq.T    llq.T    blq.T    ffq.T   iffq.T  biffq.T     lq.P    llq.P    blq.P    ffq.P   iffq.P  biffq.P     lq.C    llq.C    blq.C    ffq.C   iffq.C  biffq.C 
  0   0   115.62    93.89   237.01   199.41   255.31   183.03     0.63     0.61     0.14     0.28     0.16     0.18     0.62     0.60     0.14     0.31     0.26     0.28 
  0  10    29.28    41.06    41.18    34.60    40.36    40.56     2.00     0.66     0.65     0.77     0.16     0.16     2.00     0.66     0.65     0.80     0.26     0.26 
  0  20    28.41    31.81    31.55    27.89    31.31    31.38     1.91     0.95     0.94     1.04     0.16     0.16     1.91     0.95     0.94     1.09     0.26     0.26 
  0  30    22.08    25.46    25.43    22.80    25.31    25.28     2.62     1.08     1.13     1.19     0.16     0.16     2.62     1.08     1.13     1.37     0.26     0.26 
  0  40    18.21    18.47    18.48    18.84    18.30    18.32     2.39     1.13     1.13     1.20     0.16     0.16     2.39     1.13     1.13     1.49     0.26     0.26 
  0  50    14.53    16.10    16.08    15.57    15.92    15.95     2.31     1.13     1.14     1.84     0.16     0.16     2.31     1.13     1.14     1.51     0.26     0.26 
  0  60    12.91    14.25    14.26    13.68    14.16    14.13     2.35     1.13     1.14     2.00     0.16     0.16     2.35     1.13     1.14     1.77     0.26     0.26 
  0  70    11.57    12.37    12.05    12.14    11.64    11.85     2.65     1.14     1.13     2.00     0.16     0.16     2.65     1.14     1.13     2.00     0.26     0.26 
  0  80    10.49    10.76    10.77    10.90    10.64    10.62     2.81     1.13     1.13     2.00     0.16     0.16     2.81     1.13     1.13     2.00     0.26     0.26 
  0  90     9.74     9.92     9.88     9.74     9.83     9.83     2.88     1.13     1.13     2.00     0.16     0.16     2.88     1.13     1.13     2.00     0.26     0.26 
 10   0    33.59    42.97    42.71    32.88    42.46    41.09     1.61     0.55     0.48     0.90     0.46     0.49     1.61     0.55     0.48     0.85     0.56     0.60 
 10  10    29.14    41.35    41.05    41.25    40.57    40.74     1.94     0.26     0.22     0.26     0.16     0.16     1.94     0.26     0.22     0.26     0.26     0.27 
 10  20    23.05    31.87    31.50    27.71    31.39    31.44     2.25     0.83     0.78     1.05     0.16     0.16     2.25     0.83     0.78     1.09     0.26     0.26 
 10  30    22.02    25.52    25.37    22.84    25.21    25.26     2.69     1.08     1.13     1.21     0.16     0.17     2.69     1.08     1.13     1.34     0.26     0.26 
 10  40    17.94    18.46    18.47    18.71    18.29    18.28     2.53     1.13     1.13     1.25     0.17     0.17     2.52     1.13     1.13     1.47     0.26     0.26 
 10  50    14.36    16.06    16.10    15.54    15.94    15.94     2.31     1.13     1.14     1.84     0.16     0.16     2.31     1.13     1.14     1.51     0.26     0.26 
 10  60    12.68    14.25    14.25    13.67    14.14    14.15     2.39     1.13     1.13     2.00     0.16     0.16     2.39     1.13     1.13     1.79     0.26     0.26 
 10  70    11.70    12.41    12.05    12.15    11.74    11.85     2.34     1.13     1.13     2.00     0.16     0.16     2.34     1.13     1.13     2.00     0.26     0.26 
 10  80    10.39    10.75    10.74    10.91    10.63    10.63     2.86     1.13     1.13     2.00     0.16     0.16     2.86     1.13     1.13     2.00     0.26     0.26 
 10  90     9.73     9.91     9.89     9.77     9.82     9.82     2.88     1.13     1.14     2.00     0.16     0.16     2.88     1.13     1.14     2.00     0.26     0.26 
 20   0    30.45    32.26    31.62    26.80    31.95    31.61     1.87     1.10     1.08     1.12     0.91     0.95     1.87     1.10     1.08     1.07     1.02     1.06 
 20  10    30.42    32.29    31.68    26.85    31.97    31.72     1.61     0.79     0.70     1.11     0.80     0.84     1.61     0.79     0.70     1.07     0.90     0.94 
 20  20    27.99    31.93    31.63    31.30    31.47    31.42     1.87     0.32     0.15     0.32     0.16     0.16     1.86     0.32     0.15     0.30     0.26     0.26 
 20  30    22.23    25.47    25.26    22.74    25.26    25.28     2.54     1.02     1.07     1.22     0.16     0.16     2.54     1.02     1.07     1.31     0.26     0.26 
 20  40    17.90    19.12    18.49    18.66    18.30    18.31     2.62     1.12     1.13     1.25     0.16     0.16     2.62     1.13     1.13     1.46     0.26     0.26 
 20  50    14.87    16.09    16.13    15.51    15.93    15.93     2.30     1.13     1.14     1.78     0.16     0.16     2.30     1.13     1.14     1.51     0.26     0.26 
 20  60    12.97    14.24    14.23    13.62    14.13    14.15     2.28     1.13     1.13     1.99     0.17     0.16     2.28     1.13     1.13     1.77     0.26     0.26 
 20  70    11.70    12.72    12.71    12.10    11.75    11.87     2.34     1.13     1.13     2.00     0.16     0.16     2.34     1.13     1.13     2.00     0.26     0.26 
 20  80    10.43    10.75    10.76    10.91    10.64    10.64     2.86     1.13     1.14     2.00     0.16     0.16     2.86     1.13     1.14     2.00     0.26     0.26 
 20  90     9.65     9.91     9.90     9.76     9.83     9.83     2.88     1.13     1.14     2.00     0.16     0.16     2.88     1.13     1.14     2.00     0.26     0.26 
 30   0    23.08    25.86    25.65    22.48    25.63    25.34     2.30     1.80     1.32     1.35     1.00     1.03     2.30     1.80     1.32     1.25     1.11     1.13 
 30  10    22.71    25.85    25.65    22.49    25.63    25.36     2.56     1.70     1.36     1.33     0.99     1.01     2.56     1.70     1.36     1.24     1.09     1.11 
 30  20    23.05    25.84    25.63    22.45    25.64    25.34     2.49     1.45     1.34     1.31     0.94     0.96     2.49     1.45     1.34     1.25     1.04     1.06 
 30  30    22.33    25.49    25.46    25.18    25.25    25.19     2.51     0.38     0.29     0.38     0.16     0.16     2.51     0.38     0.29     0.36     0.26     0.26 
 30  40    18.34    18.50    18.51    18.59    18.32    18.28     2.60     1.12     1.14     1.24     0.16     0.16     2.60     1.12     1.14     1.46     0.26     0.26 
 30  50    14.20    16.10    16.09    15.55    15.92    15.94     2.38     1.13     1.13     1.68     0.16     0.16     2.38     1.13     1.13     1.47     0.26     0.26 
 30  60    12.83    14.26    14.26    13.57    14.15    14.16     2.41     1.13     1.14     1.99     0.17     0.16     2.41     1.13     1.14     1.70     0.26     0.26 
 30  70    11.56    12.35    12.05    12.05    11.96    11.75     2.69     1.13     1.14     2.00     0.16     0.16     2.69     1.13     1.14     1.98     0.26     0.26 
 30  80    10.74    10.68    10.75    10.92    10.63    10.65     2.88     1.13     1.13     2.00     0.16     0.16     2.88     1.13     1.13     2.00     0.26     0.26 
 30  90     9.70     9.91     9.91     9.76     9.84     9.83     2.88     1.13     1.13     2.00     0.17     0.16     2.88     1.13     1.13     2.00     0.26     0.26 
 40   0    18.64    18.50    18.40    18.31    18.46    18.28     2.82     2.00     1.57     1.49     1.03     1.03     2.82     2.00     1.57     1.23     1.14     1.14 
 40  10    18.94    18.51    18.40    18.29    18.46    18.28     2.82     2.00     1.58     1.49     1.03     1.03     2.82     2.00     1.58     1.18     1.14     1.14 
 40  20    18.95    18.51    18.40    18.23    18.46    18.28     2.67     2.00     1.58     1.48     1.02     1.03     2.67     2.00     1.58     1.22     1.13     1.14 
 40  30    19.34    18.50    18.39    18.26    18.47    18.29     2.88     1.97     1.65     1.47     1.01     1.03     2.88     1.97     1.65     1.19     1.12     1.13 
 40  40    18.64    18.47    18.40    18.06    18.28    18.27     2.68     0.19     0.31     1.32     0.16     0.19     2.68     0.19     0.31     1.20     0.27     0.29 
 40  50    14.02    16.08    16.08    15.58    15.92    15.93     2.64     1.13     1.13     1.53     0.16     0.16     2.64     1.13     1.13     1.44     0.26     0.26 
 40  60    12.45    14.24    14.23    13.67    14.13    14.14     2.56     1.13     1.13     1.73     0.16     0.16     2.56     1.13     1.13     1.59     0.27     0.26 
 40  70    11.70    12.36    11.75    12.10    11.86    11.94     2.71     1.13     1.13     2.00     0.16     0.16     2.71     1.13     1.13     1.96     0.26     0.26 
 40  80    10.79    10.75    10.75    10.87    10.64    10.63     2.88     1.13     1.13     2.00     0.16     0.16     2.88     1.13     1.13     2.00     0.26     0.26 
 40  90     9.68     9.91     9.90     9.75     9.83     9.82     2.88     1.13     1.14     2.00     0.16     0.16     2.88     1.13     1.14     2.00     0.26     0.26 
 50   0    16.70    16.18    16.01    15.61    16.16    16.08     3.00     2.01     1.85     1.48     1.03     1.03     3.00     2.00     1.84     1.75     1.14     1.14 
 50  10    16.76    16.18    16.00    15.61    16.15    16.09     3.00     2.00     1.85     1.49     1.03     1.03     3.00     2.01     1.85     1.76     1.14     1.14 
 50  20    16.77    16.18    16.01    15.67    16.15    16.10     3.00     2.00     1.84     1.49     1.03     1.03     3.00     2.00     1.84     1.59     1.14     1.14 
 50  30    16.50    16.18    16.00    15.56    16.15    16.09     2.51     2.00     1.83     1.46     1.03     1.03     2.51     2.00     1.83     1.69     1.14     1.14 
 50  40    16.56    16.17    16.00    15.52    16.15    16.10     2.63     2.00     1.75     1.45     1.02     1.03     2.63     2.00     1.76     1.54     1.12     1.14 
 50  50    15.36    16.07    16.00    15.71    15.91    15.90     2.50     0.92     0.20     0.89     0.16     0.16     2.50     0.92     0.20     0.87     0.26     0.27 
 50  60    12.24    14.25    14.26    13.59    14.13    14.13     2.59     1.13     1.14     1.74     0.16     0.16     2.59     1.13     1.14     1.59     0.26     0.26 
 50  70    11.73    12.37    12.76    11.94    11.75    11.74     2.77     1.13     1.13     2.00     0.16     0.17     2.77     1.13     1.13     1.90     0.26     0.26 
 50  80    10.84    10.75    10.73    10.89    10.63    10.63     2.88     1.13     1.13     2.00     0.16     0.17     2.88     1.13     1.13     2.00     0.26     0.26 
 50  90     9.68     9.90     9.90     9.74     9.82     9.82     2.88     1.13     1.14     2.00     0.16     0.16     2.88     1.13     1.14     2.00     0.26     0.26 
 60   0    14.23    14.37    14.31    13.48    14.32    14.22     2.53     2.01     2.00     1.77     1.03     1.03     2.53     2.01     2.00     2.00     1.14     1.14 
 60  10    14.28    14.38    14.31    13.48    14.32    14.22     2.50     2.01     2.00     1.77     1.03     1.03     2.50     2.01     2.00     2.00     1.14     1.14 
 60  20    14.28    14.38    14.31    13.50    14.32    14.22     2.50     2.01     2.00     1.75     1.03     1.03     2.50     2.01     2.00     1.95     1.14     1.14 
 60  30    14.15    14.38    14.31    13.40    14.31    14.22     2.50     2.01     2.00     1.73     1.03     1.03     2.50     2.01     2.00     1.98     1.14     1.14 
 60  40    14.16    14.38    14.31    13.46    14.33    14.22     2.50     2.01     1.95     1.66     1.03     1.03     2.50     2.01     1.95     1.92     1.13     1.14 
 60  50    13.99    14.38    14.32    13.46    14.32    14.22     2.56     1.99     1.94     1.61     1.03     1.03     2.56     2.00     1.94     1.82     1.13     1.14 
 60  60    13.60    14.27    14.24    13.69    14.14    14.13     2.16     0.73     0.18     1.23     0.17     0.16     2.16     0.73     0.18     1.34     0.27     0.26 
 60  70    11.50    12.34    12.42    11.88    11.95    11.85     2.67     1.13     1.13     1.91     0.16     0.16     2.67     1.13     1.13     1.84     0.26     0.26 
 60  80    10.87    10.67    10.76    10.81    10.64    10.65     2.88     1.13     1.13     2.00     0.17     0.17     2.88     1.13     1.13     1.97     0.27     0.27 
 60  90     9.68     9.90     9.89     9.75     9.83     9.83     2.88     1.13     1.13     2.00     0.16     0.16     2.88     1.13     1.13     2.00     0.26     0.26 
 70   0    11.64    12.93    12.66    12.13    12.05    12.82     2.70     2.01     2.01     2.00     1.03     1.03     2.70     2.01     2.01     2.00     1.14     1.14 
 70  10    11.65    12.54    12.04    12.10    12.42    11.70     2.65     2.01     2.00     2.00     1.03     1.03     2.65     2.01     2.01     2.00     1.14     1.14 
 70  20    11.64    12.93    12.04    12.09    12.72    12.08     2.66     2.01     2.01     2.00     1.03     1.03     2.66     2.01     2.01     2.00     1.14     1.14 
 70  30    11.73    12.55    12.66    12.03    12.09    12.45     2.69     2.01     2.00     2.00     1.03     1.03     2.69     2.01     2.00     2.00     1.14     1.14 
 70  40    11.72    12.54    12.04    11.91    12.08    12.08     2.69     2.00     2.01     1.99     1.03     1.03     2.69     2.01     2.01     2.00     1.14     1.14 
 70  50    11.73    12.54    12.36    12.01    12.39    12.08     2.71     2.01     2.00     1.99     1.03     1.03     2.71     2.01     2.00     2.00     1.14     1.14 
 70  60    12.02    11.77    12.35    11.92    12.40    12.07     2.77     2.00     1.80     1.95     1.03     1.03     2.77     2.00     1.80     2.00     1.14     1.14 
 70  70    11.90    12.12    12.02    11.66    11.97    11.95     2.46     0.48     0.27     1.77     0.16     0.16     2.46     0.48     0.27     1.83     0.26     0.26 
 70  80    10.81    10.75    10.74    10.73    10.62    10.61     2.88     1.13     1.13     1.95     0.16     0.16     2.88     1.13     1.13     1.91     0.26     0.26 
 70  90     9.72     9.90     9.89     9.75     9.83     9.83     2.88     1.13     1.13     2.00     0.16     0.16     2.88     1.13     1.13     2.00     0.26     0.26 
 80   0    11.03    10.79    10.72    11.07    10.78    10.75     2.97     2.00     2.01     2.00     1.03     1.03     2.97     2.00     2.01     2.00     1.14     1.14 
 80  10    11.03    10.79    10.72    11.13    10.78    10.75     2.97     2.00     2.01     2.00     1.03     1.03     2.97     2.01     2.01     2.00     1.14     1.14 
 80  20    11.04    10.79    10.72    11.07    10.78    10.75     2.97     2.00     2.00     2.00     1.03     1.03     2.97     2.00     2.01     2.00     1.14     1.14 
 80  30    11.01    10.79    10.72    11.09    10.78    10.75     2.98     2.00     2.01     2.00     1.03     1.03     2.98     2.00     2.00     2.00     1.14     1.14 
 80  40    10.69    10.79    10.71    11.12    10.78    10.75     2.94     2.00     2.01     2.00     1.03     1.03     2.94     2.00     2.01     2.00     1.14     1.14 
 80  50    10.69    10.79    10.72    11.10    10.78    10.75     2.92     2.01     2.00     2.00     1.03     1.03     2.92     2.00     2.01     2.00     1.14     1.14 
 80  60    10.69    10.79    10.72    11.08    10.78    10.75     2.91     2.00     2.00     2.00     1.03     1.03     2.91     2.00     2.00     2.00     1.14     1.14 
 80  70    10.67    10.79    10.72    11.04    10.78    10.75     2.88     2.00     2.00     1.95     1.03     1.03     2.88     2.00     2.00     2.00     1.14     1.14 
 80  80    10.71    10.67    10.72    10.66    10.64    10.62     2.60     0.85     0.28     1.60     0.16     0.16     2.60     0.85     0.28     1.67     0.26     0.26 
 80  90     9.67     9.91     9.89     9.72     9.84     9.83     2.86     1.13     1.14     2.00     0.16     0.16     2.86     1.13     1.14     2.00     0.26     0.26 
 90   0     9.81     9.96     9.93     9.67     9.93     9.89     3.00     2.01     2.01     2.00     1.03     1.03     3.00     2.01     2.01     2.00     1.14     1.13 
 90  10    10.03     9.96     9.93     9.65     9.93     9.88     3.00     2.00     2.01     2.00     1.03     1.03     3.00     2.00     2.01     2.00     1.14     1.14 
 90  20    10.02     9.96     9.93     9.65     9.94     9.88     2.98     2.01     2.01     2.00     1.03     1.03     2.98     2.01     2.01     2.00     1.14     1.14 
 90  30    10.03     9.96     9.93     9.64     9.94     9.88     3.00     2.01     2.01     2.00     1.03     1.03     3.00     2.01     2.01     2.00     1.14     1.14 
 90  40    10.03     9.96     9.92     9.66     9.93     9.88     3.00     2.01     2.01     2.00     1.03     1.03     3.00     2.01     2.01     2.00     1.14     1.14 
 90  50    10.02     9.96     9.93     9.64     9.94     9.88     2.99     2.01     2.01     2.00     1.03     1.03     2.99     2.01     2.01     2.00     1.14     1.14 
 90  60     9.74     9.96     9.93     9.69     9.93     9.88     2.99     2.01     2.01     2.00     1.03     1.03     2.99     2.01     2.01     2.00     1.14     1.14 
 90  70     9.75     9.96     9.93     9.67     9.93     9.88     3.00     2.01     2.01     2.00     1.03     1.03     3.00     2.01     2.01     2.00     1.14     1.14 
 90  80     9.74     9.96     9.93     9.65     9.93     9.88     3.00     2.00     2.00     1.99     1.03     1.03     3.00     2.00     2.00     2.00     1.14     1.14 
 90  90     9.70     9.93     9.88     9.55     9.84     9.83     2.59     0.42     0.36     1.92     0.16     0.16     2.59     0.42     0.36     1.97     0.26     0.26 
