./run-vswitch.py -v -l 128 --duration 10 --max-trials 5 -x 20 --Bv 8 --Bc 1 -n 30
       N       Bv       Bc     lq.T    llq.T    blq.T    ffq.T   iffq.T  biffq.T 
       1        8        1     2.10     2.28     1.63     3.04     3.18     2.83 
       2        8        1     3.75     3.87     3.50     4.02     3.98     4.02 
       3        8        1     4.46     4.75     4.28     4.92     4.82     4.97 
       4        8        1     5.54     5.78     5.55     5.91     5.49     5.68 
       5        8        1     5.86     6.15     6.35     6.26     6.35     6.69 
       6        8        1     6.95     7.32     7.41     7.50     7.35     7.75 
       7        8        1     7.75     7.90     8.37     8.26     8.00     8.75 
       8        8        1     8.60     8.69     9.28     9.22     9.00     9.38 
       9        8        1     8.20     8.63     9.30     7.61    10.31    10.86 
      10        8        1     8.12     8.59     9.23     7.74    11.49    11.72 
      11        8        1     7.92     8.09     9.19     7.09    11.00    10.99 
      12        8        1     8.06     8.49     9.24     7.17    11.13    10.75 
      13        8        1     8.02     8.16     9.19     7.82    10.87    10.72 
      14        8        1     8.64     8.84     9.40     7.44    10.94    11.22 
      15        8        1     8.07     8.30     9.68     7.00    10.66    11.82 
      16        8        1     8.25     8.45     9.98     7.17    10.84    12.87 
      17        8        1     8.21     8.60    10.26     7.14    10.79    13.07 
      18        8        1     8.86     9.34    10.46     8.53    11.25    13.50 
      19        8        1     8.97     9.48    10.51     8.42    11.50    13.29 
      20        8        1     8.95     9.53    10.56     8.55    11.79    13.25 
      21        8        1     9.25     9.83    10.71     8.72    12.14    13.34 
      22        8        1     9.29     9.72    10.62     8.64    12.00    12.85 
      23        8        1     9.46    10.01    10.85     8.99    12.24    12.94 
      24        8        1     9.13     9.58    10.97     7.67    12.11    12.78 
      25        8        1     9.02     9.86    10.90     7.92    12.18    12.90 
      26        8        1     9.06     9.67    10.88     7.68    11.98    12.53 
      27        8        1     9.22    10.00    10.94     7.95    12.07    12.69 
      28        8        1     9.13     9.76    10.67     8.02    11.85    12.43 
      29        8        1     9.29    10.00    10.86     8.01    11.88    12.48 
      30        8        1     9.24     9.86    10.70     8.01    11.78    12.36 
