./run-vswitch.py -v -l 128 --duration 10 --max-trials 5 -x 20 --Bv 8 --Bc 8 -n 38
       N       Bv       Bc     lq.T    llq.T    blq.T    ffq.T   iffq.T  biffq.T 
       1        8        8     3.79     4.13     6.08     5.13     5.17     5.04 
       2        8        8     4.01     4.17     4.80     4.70     4.68     4.65 
       3        8        8     5.10     5.36     5.84     5.34     5.30     5.42 
       4        8        8     5.75     5.79     6.56     5.87     5.83     5.88 
       5        8        8     6.07     6.28     7.31     6.27     6.13     6.29 
       6        8        8     6.50     6.62     7.91     6.59     6.50     6.62 
       7        8        8     6.54     6.88     8.37     6.74     6.70     7.00 
       8        8        8     6.79     6.90     8.89     6.80     6.85     7.13 
       9        8        8     8.42     8.81     9.22     8.35     8.02     8.18 
      10        8        8     8.93     9.02     9.20     8.52    11.08    11.38 
      11        8        8     8.72     8.72     9.13     8.06    11.22    11.05 
      12        8        8     8.78     8.78     8.97     8.05    11.00    10.92 
      13        8        8     8.70     8.92     9.22     8.12    11.01    10.95 
      14        8        8     8.84     8.96     9.37     8.30    11.02    11.36 
      15        8        8     8.82     9.02     9.66     8.36    10.53    11.68 
      16        8        8     8.62     8.83     9.60     8.30    11.16    12.93 
      17        8        8     9.07     9.51     9.90     8.90    11.48    12.96 
      18        8        8     9.19     9.75    10.22     9.26    11.90    13.79 
      19        8        8     9.20     9.79    10.40     9.14    12.28    13.57 
      20        8        8     9.24     9.72    10.51     9.13    12.37    13.49 
      21        8        8     9.35     9.88    10.82     9.42    12.73    13.71 
      22        8        8     9.33     9.91    10.75     9.32    12.66    13.25 
      23        8        8     9.51    10.13    11.08     9.57    12.86    13.62 
      24        8        8     8.91     9.41    11.10     8.16    12.37    13.11 
      25        8        8     8.80     9.75    11.32     8.48    12.59    13.33 
      26        8        8     8.69     9.62    11.38     8.33    12.34    13.15 
      27        8        8     8.76     9.94    11.44     8.57    12.50    13.27 
      28        8        8     8.65     9.72    11.24     8.46    12.28    12.94 
      29        8        8     8.79     9.81    11.45     8.63    12.33    12.84 
      30        8        8     8.64     9.71    11.24     8.63    12.16    12.98 
      31        8        8     8.72     9.87    11.40     8.57    12.16    12.92 
      32        8        8     8.55     9.65    11.30     8.70    12.11    12.74 
      33        8        8     8.73     9.79    11.45     8.85    12.20    12.79 
      34        8        8     8.70     9.79    11.30     8.67    12.15    12.62 
      35        8        8     8.76     9.90    11.31     8.84    12.10    12.84 
      36        8        8     8.67     9.80    11.31     8.74    11.92    12.75 
      37        8        8     8.75     9.91    11.30     9.21    12.11    12.69 
      38        8        8     8.68     9.73    11.09     8.71    11.75    12.58 
