./run-vswitch.py -v -l 128 --duration 10 --max-trials 5 -x 20 --Bv 8 --Bc 1 -n 30 --exp-type latency
       N       Bv       Bc     lq.T    llq.T    blq.T    ffq.T   iffq.T  biffq.T 
       2        8        1     1.20     1.24     0.87     1.46     1.52     1.52 
       4        8        1     2.02     2.11     1.59     2.73     2.72     2.69 
       6        8        1     2.63     2.72     2.19     3.59     3.65     3.60 
       8        8        1     3.10     3.28     2.63     4.31     4.41     4.29 
      10        8        1     3.50     3.68     2.92     4.83     4.93     4.80 
      12        8        1     3.80     3.98     3.12     5.18     5.23     5.28 
      14        8        1     4.02     4.16     3.16     5.40     5.81     5.60 
      16        8        1     4.27     4.34     3.35     6.00     5.82     5.71 
      18        8        1     4.47     4.47     3.45     6.26     5.88     5.78 
      20        8        1     4.38     4.35     3.40     6.09     5.78     5.63 
      22        8        1     4.49     4.50     3.48     6.23     5.82     5.65 
      24        8        1     4.63     4.76     3.44     6.01     6.00     5.86 
      26        8        1     4.83     4.88     3.47     6.09     6.10     5.90 
      28        8        1     4.94     4.97     3.49     6.04     6.13     5.81 
      30        8        1     4.94     4.98     3.47     6.08     6.08     5.64 
