./run-vswitch.py -v -l 128 --duration 10 --max-trials 5 -x 20 --Bv 8 --Bc 8 -n 30 --exp-type latency
       N       Bv       Bc     lq.T    llq.T    blq.T    ffq.T   iffq.T  biffq.T 
       2        8        8     2.49     2.73     2.93     2.95     2.89     2.87 
       4        8        8     4.83     5.05     5.10     5.57     5.85     5.78 
       6        8        8     6.50     6.92     6.71     7.81     8.23     8.06 
       8        8        8     7.99     8.38     7.75     9.46     9.74     9.42 
      10        8        8     8.71     9.18     8.06    10.37    10.33    10.40 
      12        8        8     9.27     9.71     8.10    10.98    11.05    10.83 
      14        8        8     9.71     9.87     8.41    11.23    11.63    11.25 
      16        8        8     9.98    10.24     8.49    11.50    11.29    11.35 
      18        8        8     9.96     9.82     8.77    11.52    11.54    11.47 
      20        8        8     9.63     9.93     8.61    11.13    11.32    11.21 
      22        8        8     9.94    10.23     9.13    10.95    11.15    11.08 
      24        8        8     9.93    10.07     9.41    10.67    11.22    10.98 
      26        8        8     9.73     9.86     9.73    10.74    11.28    11.29 
      28        8        8     9.49     9.86     9.91    10.68    11.28    11.07 
      30        8        8     8.97     9.38     9.99    10.47    11.15    11.43 
